0.350059898053 0.086503161208 0.393326774273
0.560017369360 0.570114176177 0.020672220494
0.101553559475 0.858377391995 0.479498738549
0.313311157890 0.898178835079 0.454441215765
0.609032112973 0.894595314093 0.984892197176
0.928270166175 0.404307904518 0.963513425009
0.129074829167 0.336092872085 0.707072876645
0.914969063306 0.714025093698 0.139322546191
0.935264536175 0.604388609907 0.418621928269
0.467623707520 0.670973263279 0.499722085145
0.376443609985 0.842582847304 0.942455964650
0.904516896163 0.326143685402 0.560546149106
0.091198225120 0.115537147161 0.371965510733
0.754184707193 0.686374519119 0.912611769258
0.284972276451 0.499545944617 0.577884599107
0.485437391288 0.500086874703 0.990198518596
0.909897675226 0.931904601184 0.417820552372
0.347210458035 0.588270834429 0.929343166870
0.116881358776 0.126751531624 0.882286999035
0.276401664087 0.238922299335 0.069807831152
0.491099332485 0.448211346495 0.652575499899
0.569278546859 0.968399444049 0.388358410141
0.085554607836 0.109652284035 0.575457286870
0.852851807478 0.730575332976 0.621728281583
0.627389385921 0.623990248937 0.731912283373
0.537195601596 0.677141869729 0.913471082373
0.307410111753 0.371153682001 0.906288665853
0.688878679599 0.375772638450 0.734944012361
0.932080542418 0.258258517503 0.309345474582
0.678536337959 0.304498288264 0.528301560693
0.705554406648 0.521763868220 0.537597413237
0.688545253672 0.514155706066 0.352835184876
0.661906541410 0.496109314074 0.915095745544
0.386110956418 0.083432723766 0.141788017494
0.638798065733 0.417397074961 0.191385213887
0.897336716498 0.111239011184 0.480859249284
0.866167732394 0.912311338088 0.942875075471
0.266483076481 0.510251395166 0.775254738023
0.279328236459 0.254146073769 0.264806479969
0.718931030230 0.588321769680 0.196750386837
0.074737141015 0.864746112478 0.692087042334
0.207830713861 0.960801126931 0.030945867364
0.513462551714 0.241430096297 0.214609092254
0.936494748364 0.130514909855 0.829028772123
0.708851456064 0.742079109548 0.354576445153
0.341888474245 0.327543370057 0.740444340112
0.886317609940 0.962083819259 0.135684058543
0.400522895436 0.411020117925 0.137283602140
0.411930373880 0.848807722992 0.268626270886
0.735678960040 0.277426801405 0.320228759959
0.074721637796 0.556846378839 0.676068251207
0.518931004970 0.804986396902 0.734393243454
0.716734277969 0.850431752064 0.787007252275
0.392068463800 0.088696044785 0.896675954969
0.491823257912 0.369900736286 0.400264136010
0.604101045044 0.343751731856 0.037144815408
0.405203246602 0.891204135454 0.619658340123
0.282793638687 0.288605052472 0.520843215401
0.875629591172 0.422265581708 0.406246041193
0.854549712397 0.448397653117 0.235567792541
0.143155911119 0.895652859574 0.282975586690
0.265216512955 0.104034641703 0.666663030065
0.443375367438 0.229426614729 0.079292913040
0.479291808162 0.598355869916 0.240750761475
0.209782767407 0.684302276319 0.092085574048
0.515768022853 0.990497253173 0.763140083657
0.123002981870 0.387362249107 0.105208808311
0.510195624072 0.184104214811 0.629755269818
0.704899194010 0.046686345045 0.462184634690
0.087468833134 0.615143717602 0.486051818591
0.812685775780 0.087603076417 0.004968756518
0.917706303013 0.951341203396 0.669407051605
0.822713036852 0.485414278861 0.050557049251
0.557919227471 0.088389041922 0.361514438955
0.087737707771 0.374007883820 0.480230773775
0.072009558511 0.681076049828 0.325668358232
0.236198793706 0.918308989834 0.600849000318
0.639654680086 0.154326986190 0.126237533160
0.939274490874 0.086795261377 0.180467260736
0.584944058250 0.853080687097 0.091888475528
0.763853679223 0.127546270096 0.660186790057
0.103187412696 0.083931621777 0.119086256581
0.080436497259 0.459227749178 0.951353985931
0.860565776967 0.543424237874 0.734362354086
0.675477346429 0.853358740264 0.581627360463
0.291923835363 0.884712045949 0.765562494662
0.072044570415 0.318025039561 0.275270035730
0.482231037119 0.492546601512 0.838210458037
0.801664401059 0.104428609616 0.234653535090
0.102723233261 0.962823159699 1.009082213632
0.233822498374 0.732416123605 0.605564728511
0.511231499578 0.317114243214 0.864354336844
0.240471724830 0.726199139201 0.379706720526
0.914028585937 0.728316631040 0.873281960645
0.010194091711 0.506327991457 0.285173041678
0.253765311753 0.501553896612 0.342804347630
0.825663516384 0.283718472427 0.133882291943
0.394245004313 0.655918668073 0.752535968026
0.673595491194 0.127787898787 0.892431945238
0.158156042039 0.708567725371 0.880311522145
