0.449315046	0	0.27556305
0.236225825	0.219414084	0.408644173
0.410921651	0.185146279	0.267800419
0.447603801	0.152975022	0.273450483
0.489090118	0	0.535450282
0.404314083	0	0.592870061
0.348581583	0.157876331	0.565444721
0.359919982	0.265558401	0.400759616
0.425677035	0.234541197	0.324110864
0.457020609	0.218501131	0.338863656
0.475586827	0.206261968	0.459448334
0.421405824	0.232734	0.485217716
0.242947016	0	0.542781835
0.205084758	0	0.487795072
0.222799437	0.161743695	0.492963902
0.250883161	0.143928512	0.536013795
0.221548891	0	0.288278178
0.265015975	0	0.249148924
0.265309995	0.108428827	0.247867514
0.235737541	0.11630373	0.274414921
0.589259397	0.560734217	0.170606261
0.483673831	0.432207946	0
0.536306521	0.449403954	0.095448709
0.521754439	0.506073208	0.152859614
0.672211858	0.468925385	0
0.66688109	0.471913478	0.055327767
0.678392578	0.521343993	0.094235185
0.591304616	0.664912484	0.157987724
0.408410836	0.582079827	0.101531204
0.444149099	0.692346347	0.100490112
0.432246594	0.718685928	0
0.374521965	0.541634531	0
0.732508086	0.666648727	0.030369556
0.723413231	0.683773392	0.036807024
0.732277601	0.692256018	0
0.738929501	0.675849317	0
0	1	0.375091897
0	1	0.570686518
0.10138392	1	0.583475338
0.195080153	1	0.479513871
0.187418566	1	0.414766882
0.214715698	0.839207056	0.390047111
0.163792148	0.833767076	0.596327673
0.231885497	0.831014473	0.522133544
0.234324575	0.791689846	0.480282494
0	0.826336793	0.342152382
0.143019065	0.783316841	0.364268558
0	0.739125254	0.578501803
0	0.735575965	0.446761215
0.136927337	0.727198664	0.430119023
0.172276553	0.726502335	0.480250165
0.077240786	0.734918433	0.588371177
0.339037223	1	0.555335454
0.311000978	0.831060048	0.563797068
0.30637164	1	0.296722877
0.279960222	0.839712553	0.325293755
0.425046505	1	0.507497963
0.380833762	1	0.33624282
0.373448957	0.770571984	0.393282541
0.321359575	0.753254264	0.483902772
0.354461016	0.786465934	0.53774248
0.460266315	0.847108485	0.481454692
0.449480356	0.827251452	0.418575602
0.454308625	1	1
0.504860253	0.773944052	1
0.670672623	1	0.832697426
0.469387645	1	0.917353486
0.750893078	1	1
0.728717323	1	0.864289217
0.74911262	0.823648521	0.914747463
0.64868627	0.768328494	0.872434967
0.651006775	0.725664033	1
0.76435037	0.804676876	1
0.512133559	0.869547541	0.842958243
0.521428332	0.814704508	0.859233582
0.597622697	0.796382046	0.838381835
0.585886891	0.87523089	0.814397102
1	0.218144627	1
0.78471768	0.46332259	0.82715605
0.784875092	0.554940266	1
0.804611398	0.543671766	0.870057839
1	0.62648554	1
0.893191532	0.621790847	1
0.871995885	0.586341991	0.876053445
1	0.580437917	0.834649346
0.701247288	0.31229252	1
0.809678492	0.212427479	1
0.775207775	0.280167673	0.85998181
0.718838986	0.31812534	0.914280747
1	0.409794123	0.731052453
0.873253954	0.372372861	0.745782277
0.870678285	0.335546001	0.753077468
1	0.343978518	0.743818814
0	0.414494659	0.623684709
0.187457818	0.467580845	0.673033186
0.149066941	0.448172824	0.602149508
0.20031598	0.383347807	0.581975436
0.262448662	0.36776301	0.637235429
0.256969673	0.408942658	0.682725467
0	0.276893665	0.600685701
0.150752712	0.265039177	0.571232852
0.238606275	0.380443483	0.792529694
0.253593864	0.243000612	0.661740362
0.206411518	0.221130867	0.628371523
0	0.204356416	0.725483814
0.229890892	0.269895957	0.819787304
0.237591733	0.217002287	0.757127219
0.163735319	0.181876093	0.71001954
0	0.434587409	0.766745464
0	0.296957155	0.836120802
0.172731784	0.310125849	0.86387514
0.199355677	0.398929526	0.824412865
0.134464022	0.469017403	0.776163191
1	0.822613932	0
1	0.570494166	0
1	0.523178129	0.121859938
0.828765553	0.576682189	0.162030985
1	0.565395614	0.238376057
0.836374942	0.6138073	0.269269555
0.817467553	0.650502226	0.285047739
1	0.826508248	0.265500201
1	0.76235415	0.315690375
0.869097199	0.752228979	0.321227967
0.8309681	0.807161467	0.277557884
0.776317812	0.796778034	0
0.727828441	0.745431191	0.186841211
0.747534995	0.796373499	0.19907203
1	0.469813329	0.319827219
0.814670737	0.528333864	0.35167651
0.79212631	0.530138774	0.433749014
0.758551378	0.622459161	0.433038331
0.770131807	0.665950307	0.485600307
0.804664119	0.59208613	0.301761798
0.791384372	0.620453679	0.312655837
1	0.458077177	0.492535929
0.860463857	0.500208665	0.544905184
1	0.762850804	0.518669232
0.828842796	0.749444738	0.457549211
0.869242482	0.512093929	0.570108325
0.851680749	0.571434076	0.577411144
1	0.602246257	0.618450264
1	0.513568716	0.601328065
0.290329628	0.630954246	0.486355694
0.344184864	0.628471589	0.606760481
0.383751556	0.747080449	0.625307567
0.408883677	0.566413896	0.621843757
0.433198377	0.75308463	0.640016942
0.495727772	0.593988534	0.648692093
0.509913788	0.691178243	0.658597021
0.571314979	0.561796547	0.590168012
0.525749263	0.807150845	0.588906619
0.649602242	0.678979244	0.560011609
0.578727338	0.732946588	0.619699424
0.662730342	0.686950735	0.508945209
0.388817368	0.688521702	0.326438901
0.537690858	0.729081967	0.321773095
0.639303725	0.633002648	0.443582072
0.580628464	0.638952883	0.348980507
0.298019906	0.612186235	0.463164149
0.368974057	0.636600038	0.340104051
0.547920998	0.504037001	0.509584672
0.569160605	0.523930995	0.454530792
0.531604518	0.548093645	0.372249279
0.423641969	0.540300905	0.369570104
0.387778727	0.510722457	0.450381983
0.430388343	0.493634848	0.512475997
0.521325221	0.841792799	0.522993452
0.543713004	0.770063931	0.351858504
0.597102913	0.78840391	0.449575579
0.416690483	0.688273219	1
0.284079136	0.703516886	1
0.402473711	0.795961763	0.781156773
0.307089474	0.751314529	0.816098153
0.321732694	0.706319929	0.86169393
0.402966403	0.696070079	0.879382184
0.455604178	0.75681079	0.824616549
0.37409255	1	0.843311338
0.431641728	0.876923588	0.786502264
0.332227871	1	1
0.302423506	1	0.877554837
0.233301848	0.844826087	0.873624756
0.236227107	0.781459606	1
1	0.248006627	0.444163995
1	0.340362956	0.419205364
0.773057411	0.216644982	0.5491907
0.763194262	0.395781902	0.498062429
0.7505693	0.393500691	0.588073623
0.75639473	0.269301862	0.630620264
0.799025785	0.447994665	0.632481226
0.850038426	0.290508342	0.41622329
0.774185922	0.337851992	0.459916946
0.781141006	0.244253973	0.474004656
0.847548969	0.260560987	0.424043185
1	0.180943521	0.625024023
0.817642534	0.264589847	0.707692422
0.887523208	0.179991272	0.637726816
0	0	0.482107275
0	0	0.277774386
0	0.198826535	0.252924514
0.153143169	0.215768642	0.258067672
0	0.236644409	0.488950893
0	0.271640307	0.405402251
0.179820951	0.280871002	0.389112715
0.190747344	0.275754471	0.401677083
0.154676017	0.23691515	0.493248489
0.655603215	0.617636815	1
0.655133169	0.616099574	0.864790012
0.649956519	0.734303012	0.827614144
0.748376578	0.570229305	0.815198035
0.857290397	0.758612205	1
0.813091439	0.798834556	0.863260903
0.809090471	0.726026364	0.769356058
0.770664367	0.704806898	0.753097624
0.785089845	0.674606592	0.75340167
0.819436658	0.683882155	0.766461496
0.220083465	0.593785684	0.669244075
0.35477088	0.447963879	0.689770739
0.366066569	0.374558804	0.608146781
0.185077156	0.595098041	0.593515607
0.141433494	0.493424455	0.55939417
0.180570503	0.495438791	0.477758383
0.236858161	0.413362315	0.46958512
0.271673791	0.604612811	0.673489674
0.372967218	0.517983095	0.687677456
0.393544399	0.391611589	0.54403554
0.333767887	0.415834523	0.456741445
0.251369651	0.622505405	0.485441282
0.250523484	0.608345234	0.469436503
0.46009105	0.580121663	0.913932055
0.559631237	0.550744808	0.91328956
0.597133827	0.577358024	1
0.448209616	0.620892806	1
0.592265276	0.361359044	1
0.559434611	0.411618156	0.920195915
0.344366564	0.458120498	1
0.430917491	0.338613444	1
0.42907055	0.390632863	0.923987187
0.380030562	0.459909312	0.921584869
1	1	0.554102323
1	1	0.284058046
1	0.813342794	0.568522739
0.773508198	1	0.561132073
0.789494724	0.783562889	0.480227789
0.825147558	0.864388918	0.570006103
0.748825029	1	0.305050447
0.731833607	1	0.501492481
0.724236346	0.869986692	0.428278432
0.738854837	0.898885818	0.29506787
0.365179306	0.544074891	0.811175435
0.441759507	0.609035432	0.856401845
0.345896827	0.472996045	0.857266863
0.278788109	0.620843594	0.817565818
0.216174654	0.55035894	0.886057614
0.248525451	0.48613506	0.901627349
0.262976017	0.473040425	1
0.208753017	0.585136974	1
0	0	1
0.249570122	0	1
0.260258674	0	0.795582689
0	0	0.736872349
0.152310885	0	0.721321687
0.279137377	0.21380694	1
0.28837865	0.221866172	0.844576552
0.286379708	0.188184662	0.793726204
0	0.26291369	1
0.189499556	0.283685958	1
0.364569499	0.231341186	0.163460828
0.36975998	0.159333164	0
0.276973246	0.351913289	0.155362281
0.367852663	0.284850777	0.159233996
0.379952286	0.338556376	0
0.290572846	0.403019054	0
0.285183397	0.099658185	0
0.14673915	0.254380501	0
0.189144603	0.259108382	0.163925816
0.271684898	0.168713078	0.169744305
0.58823887	0.482502892	0.736778362
0.543638346	0.384831785	0.757974493
0.457219717	0.37044293	0.75728253
0.497277688	0.563748756	0.71302892
0.627582097	0.49118858	0.64994788
0.379768623	0.449730823	0.734646125
0.388693278	0.509360819	0.72083103
0.536777613	0.32407772	0.7210182
0.478592461	0.319630577	0.723796503
0.622982068	0.409327149	0.589000491
0.58513551	0.336651675	0.615961646
0.550314305	0.338896135	0.560846788
0.593221279	0.415241185	0.537274461
0.405530762	0.324491113	0.60640463
0.428658725	0.329888409	0.563293491
0.485055024	1	0.199278551
0.574509916	0.799483956	0.282000657
0.531419287	1	0.582954735
0.572823713	1	0.58886637
0.54893809	0.974724509	0.586946321
0.672417064	1	0.209178786
0.707173526	0.885230414	0.255657576
0.79512802	0.852435315	0.666188313
1	0.779891529	0.723411333
1	0.664793522	0.722377867
0.868029663	0.811667428	0.75579127
0.763034676	0.607425168	0.64328451
0.696331505	0.680852708	0.5778233
0.716706586	0.743786043	0.680393271
0.717657901	0.691133016	0.514969213
0.588407675	0.569957011	0.845150794
0.511291543	0.613766832	0.794016072
0.520860395	0.696146977	0.774652718
0.616357223	0.752949232	0.80546416
0.616116783	0.489986915	0.784102215
0.73080612	0.518376251	0.78231005
0.731523106	0.517280222	0.678032694
0.641686141	0.769629847	0.695831773
0.357394916	0.427101146	0.804956303
0.404748968	0.37248121	0.82916384
0.408073308	0.252451686	1
0.377335443	0.248134037	0.856162928
0.594913854	0.405171626	0.837582142
0.672184155	0.239501802	0.645113484
0.675646541	0.317110812	0.908491695
0.654402836	0.207439984	0.733739492
0.603089836	0.234567109	0.771474998
0.754721715	0.226004785	0.772707429
1	0.245203175	0.152429881
0.83377278	0.218576253	0.249381765
0.883460562	0.192892855	0.215519823
1	0.349732012	0.167597162
1	0.404946594	0.309895654
0.850263363	0.347662899	0.31961856
0.844269187	0.321277667	0.257917897
1	0.112944593	0.328390475
0.91346121	0.118749876	0.315836388
0.834481985	0.171515075	0.345067119
0.667663155	0.172245138	0.55779906
0.650722291	0.41175451	0.451641466
0.661902169	0.386988813	0.422687693
0.725504789	0.397433667	0.438795819
0.7262736	0.402640851	0.445061519
0.743408182	0.202752715	0.469041721
0.742766218	0.187228889	0.529318323
0.657281008	0.199916955	0.445757734
0.608240156	0.241897739	0.426827797
0.574334505	0.228101267	0.469224037
0.620303389	0.183983109	0.493144996
0.723008792	0.495847304	0.240136222
0.763725039	0.418492796	0.341151176
0.724742986	0.418318654	0.286065588
0.633771013	0.394367758	0.32845058
0.613557719	0.636502863	0.285663483
0.602287861	0.552338839	0.243477711
0.552062351	0.494367946	0.293696129
0.652395796	0.310742182	1
0.397244404	0.230917542	0.192411252
0.518488184	0.10099625	0
0.509294556	0.164640384	0.140253978
0.546728105	0	0
0.526961961	0.117237575	0.212204949
0.558397799	0	0.19026917
0.285007663	0	0
0.747265988	0.366278373	0.212595545
0.721332976	0.385120127	0.08451991
0.755786272	0.408971407	0.141033991
0.7402208	0.490293892	0.15998336
0.527751249	0.349975141	0.144847644
0.591494593	0.322728603	0.282413545
0.506562882	0.376963087	0.234984717
0.500873436	0.461134747	0.250120951
0.68075064	0.288248225	0.177841497
0.63508843	0.281430856	0.204770022
0.607902198	0.294031949	0.153528615
0.675302885	0.298539158	0.136214488
0.799799689	0	0.588797145
0.82254117	0	0.354451516
0.775161239	0.137014189	0.369072728
1	0	0.337581097
0.901385748	0	0.323813546
1	0	0.635041698
0.880050636	0	0.648532198
1	1	1
1	0.795733943	1
1	1	0.835871981
1	0.865095264	0.816618126
0.872290474	0.842214072	0.789283975
0.798055889	1	0.797813012
0.1394157	0.551252878	0.805221785
0.202400959	0.630455312	0.720656759
0.237287614	0.64380785	0.731423713
0.398909764	0.283345331	0.186897969
0.205991228	0.387787472	0.254833052
0.26563444	0.407246883	0.212655544
0.416678578	0.327829511	0.258507854
0.362266511	0.393579297	0.287678956
0.317582234	0.357012237	0.389024236
0.163998712	0.261986895	0.190958805
0.200523656	0.351468366	0.368244661
0.223785596	0.346473502	0.39171212
0.604986406	0.69833094	0.224881913
0.178259859	1	0.719520741
0.208207086	0.835214797	0.675777575
0.194233645	0.781945433	0.731556995
0	0.701292333	0.750717554
0.11343397	0.703794108	0.702520773
0	0.708309821	0.615833313
0.07243391	0.708057398	0.620615076
0	0.810370851	0.841224947
0	1	0.782554442
0.161766779	1	0.768272773
0.159930783	0.860197754	0.811689124
0	1	0
0	1	0.157485983
0	0.8382465	0.115673611
0	0.812668633	0
0.303090465	1	0.235263779
0.275802581	0.856910341	0.191273403
0.419606841	1	0.135209452
0.44145708	1	0
0.388730785	0.815413033	0
0.379644365	0.835717936	0.092117217
0.554476982	0.262664321	0.108156283
0.511123667	0.32969937	0.124664714
0.579701901	0.248162383	0.33263779
0.619538617	0.196260727	0.266512952
1	0	1
0.811881967	0	1
0.757371046	0	0.773972183
0.55844817	0.740998948	0.264863371
0.340013275	0.219666444	0.642622301
0.370283252	0.174968357	0.746572125
0.427177145	0.212063981	0.785010284
1	1	0
0.70281491	1	0
0.458883151	0.357182498	0
0.410913274	0.480074903	0.284314368
0.284134239	0.478547477	0
0.342949463	0.553262128	0.203543345
0.262933659	0.492398582	0.173216873
0.431402498	0.720725684	0.140004584
0.268485153	0.7945645	0.257747769
0.351235042	0.685269692	0.264839048
0.737585139	0.205089254	0.202478498
0.673488491	0.146582079	0.27133242
0.709881694	0.127093375	0.338792741
0	0.493495269	0.549927873
0	0.600510297	0.825583111
0.546125394	0.90162389	0.63970128
0.611292439	0.892818823	0.70369293
0.428030683	0.88357294	0.743194937
0.392843973	0.795594831	0.711961477
0.687633323	1	0.689884993
0.729929283	1	0.681388535
0.544834786	0	1
0.517723247	0.195248627	1
0.421460335	0	0.706680098
0.541211922	0	0.759676796
0.518661624	0.167829282	0.809685966
0.561377035	0.213089936	0
0.719673694	0.242801058	0
0.748883886	0.350606005	0
0.326339849	1	0.669423063
0.372599431	1	0.70533882
0.302475165	0.833190235	0.643472319
0.350300485	0.778492445	0.678169899
1	0.393940186	0.096002237
0	0.791560388	0.16736378
0.180393146	0.752811429	0.273229157
0.334439633	0.645678435	0.272398238
0	0.561584811	0
0.207211858	0.6356804	0.287429727
0	0.565432185	0.087054703
0	0.650446366	0.165414724
0.151707834	0.576282565	0.253871611
0.159997014	0.52430745	0.214532924
0	0.398434103	0.197449143
0.147630895	0.443629762	0.260113496
0	0.263963317	0
0	0.270610139	0.145332872
0.619083592	0	0.642604764
0.533690914	0	0.543385355
0.610185808	0	0.716771107
0.699063733	0	0.301938607
0	0.598323691	0.390337925
0	0.496009865	0.445761168
0.181655615	0.618759672	0.381229304
0.115416466	0.497226256	0.400703446
0.125670043	0.560298621	0.362592862
1	0.04911207	0
0.999686596	0	0
0.64242056	0	0
0.82382757	0	0.126848762
0.728103246	0	0.122255451
1	0.209318181	0.000737425
1	0.209802916	0
0.730208847	0.227656076	0
0.779844304	0.149579375	0.113780814
0.838358084	0.143572383	0.117028627
1	0.354279423	0
0.659163053	0	0.225275128
0	0.389186182	0.373295847
0.125629188	0.431565303	0.352101447
1	0	0
0	0	0
0	0.650205519	1
0.266934683	0.737250793	0.74769962
0	1	1
0	0.729957336	1