0.683547356	0.526101933	0
0.546079826	0.651750822	0.081743426
0.523489283	0.693420372	0.060361254
0.564676136	0.677432494	0
0.686996989	0.515636096	0
0.477214989	0.579694114	0.160561729
0.516931875	0.517132867	0.144310374
0.490182448	0.544530514	0.159389674
0.469643876	0.717703904	0
0.409993234	0.634037158	0
0.381518626	0.636008103	0.115431408
0.457081575	0.721589111	0.059231531
0.457145532	0.721401469	0.065842971
0.44736804	0.713750697	0.075167573
0.403695654	0.655225989	0.134431014
0.403312935	0.669722214	0.124094006
0.388759275	0.649068242	0.123430705
0.436449483	0.467989299	0.094285087
0.365597864	0.511938956	0.072604143
0.425711081	0.481717182	0.102317344
0.462036923	0.437186833	0
0.369879302	0.481467988	0.029365165
0.434006108	0.461255137	0.080324418
0.389257571	0.468713763	0
0.376372127	0.47746945	0
0.371894327	0.479098295	0.019283576
0	0.480624195	0.50709731
0	0.442792668	0.396524462
0.070507198	0.391156238	0.448693966
0.090469267	0.289800058	0.441651217
0	0.366022842	0.377217983
0	0.364141237	0.377596222
0.003825853	0.36188552	0.379712957
0	0.17361415	0.504618892
0	0.19699224	0.542511105
0.044039364	0.191516637	0.4997382
0.827685499	0.22716914	0.845630478
0.916273502	0.216263922	0.991116477
0.888003418	0.387239534	0.879715665
0.806478374	0.299420382	0.783788084
0.865056649	0.312917709	0.750875054
0.835703031	0.342761065	0.813575147
1	0.16474512	0.84646634
1	0.216188762	0.953854283
0.930536296	0.20453504	0.993266
0.93138965	0.151760082	0.882315927
0.924022133	0.311702618	0.731897572
1	0.24596259	0.768807396
0.925131975	0.311847241	0.73184544
0.925081694	0.311380421	0.731843764
1	0.378509464	0.836130567
1	0.332619258	0.764882481
0.983540808	0.334944685	0.75730737
0.996209567	0.380382004	0.836461886
0.369141648	1	0.541866366
0.474093417	1	0.544373382
0.431786994	0.885262677	0.549928012
0.47487878	0.909836534	0.528397305
0.437604889	0.897406359	0.529096034
0.433606131	0.906577196	0.526833211
0.449354183	0.902501072	0.526486293
0.342452605	1	0.584700904
0.334086421	0.94474448	0.650430111
0.50637847	0.881854912	0.605970687
0.4986412	0.85633163	0.652712083
0.512087486	0.859149875	0.655843295
0.53232641	0.873692617	0.672852291
0.353948664	1	0.75488487
0.340707637	0.947303607	0.739668208
0.406015742	0.910753444	0.719279376
0.53162339	1	0.731427944
0.540215059	1	0.718967778
0.535224782	0.88144636	0.682057672
0.52759577	0.894756706	0.698078274
0.578335099	0.589147274	0.438498789
0.615915448	0.641943632	0.476017506
0.693823853	0.538459837	0.433053237
0.582430844	0.525503062	0.403235801
0.586766885	0.513518658	0.359972687
0.592049233	0.640776323	0.292078406
0.636771571	0.703118036	0.339143624
0.744682289	0.532677842	0.405057219
0.69176602	0.530363686	0.312285737
0.699721173	0.513583257	0.343703283
0.682037282	0.53631202	0.302136275
0.591515104	0.539761631	0.308381878
0.627327985	0.555344399	0.27303225
0.620560071	0.649921422	0.473467799
0.623980335	0.656647111	0.467380339
0.658118601	0.66287274	0.452807182
0.595922924	0.61550274	0.254988172
0.639324821	0.632933639	0.242859203
0.635399789	0.61521858	0.24296321
0.608563669	0.5873347	0.249091261
0.596407121	0.589930689	0.252751895
0.596032217	0.612593781	0.25417683
0.604977799	0.618762879	0.251952498
0.778043825	0.609418413	0.386759151
0.778585431	0.624771879	0.372072415
0.715657803	0.718285888	0.294934652
0.736532453	0.714758259	0.314784216
0.759124586	0.685770039	0.397234832
0.771968563	0.666460388	0.390149888
0.776530433	0.658320247	0.363187944
0.720911904	0.719829123	0.299423268
0.715973653	0.720381773	0.297489032
0.71630806	0.719362875	0.295847865
0.71705367	0.719212628	0.296019286
0.486859323	0.6373107	0.405213744
0.432548588	0.664820047	0.536953415
0.434350783	0.57259968	0.540459915
0.390849193	0.723087746	0.478933649
0.401174446	0.736957251	0.477507679
0.466928849	0.72715134	0.523192417
0.599383416	0.641258574	0.484611839
0.559080723	0.591365905	0.451867258
0.537588064	0.568944145	0.454012263
0.550109972	0.59263039	0.502531722
0.452626942	0.71986656	0.415313433
0.47956978	0.720587267	0.407490778
0.514031144	0.762568319	0.435429038
0.439614409	0.750970609	0.448157229
0.521239792	0.761506922	0.440398772
0.594985414	0.675041273	0.484523365
0.469282675	0.542603253	0.440882534
0.41611194	0.533590393	0.425558849
0.410922978	0.552317854	0.50845333
0.36827386	0.626379059	0.439629237
0.370502146	0.531989744	0.438800587
0.377760966	0.538352836	0.462983881
0.371825617	0.653675788	0.453533626
0.532253849	0.740975005	0.501677278
0.558231218	0.732050632	0.493760025
0.527770802	0.757706179	0.452961474
0.246121049	0.254343482	1
0.267692479	0.247982367	0.935623821
0.262792847	0.211386428	0.893520055
0.24420165	0.18682401	0.904200007
0.242457359	0.330735475	0.829855775
0.252463645	0.363837048	1
0.184497927	0.329252369	1
0.249779808	0.377507913	0.889535897
0.176270357	0.121379509	0.930699281
0.142621592	0.25368679	1
0.184058716	0.148438807	1
0.184004188	0.119083728	0.956364871
0.177721502	0.349693	0.824503606
0.117567967	0.23198093	0.873740262
0.119844826	0.224665941	0.871473855
0.263436676	0.374345321	0.963822094
0.264153642	0.373073194	0.967269013
0.261599575	0.371947238	0.974571789
0.223953007	0.356563102	0.814578573
0.22382073	0.372498941	0.829292487
0.194773881	0.359904216	0.80975354
0.205229688	0.363094835	0.80922141
0.20352832	0.36482747	0.809792139
0.194677248	0.360315252	0.809853171
0.528320122	0.446800595	0.184466769
0.532195715	0.413617195	0.332247703
0.605548957	0.405653209	0.246056024
0.530323707	0.40340867	0.245808484
0.642045504	0.451050408	0.183631958
0.652702585	0.437394255	0.203392494
0.526642934	0.517380905	0.152778162
0.608225201	0.518054037	0.153245312
0.531865396	0.477574042	0.354733905
0.527789487	0.578351198	0.237122347
0.664406362	0	0.522383458
0.620410907	0.153453033	0.441472225
0.62343402	0.147373815	0.419092166
0.667181013	0.026993899	0.298022269
0.676307478	0	0.284530454
0.76102451	0	0.316252414
0.696983751	0	0.58208982
0.703829144	0	0.583274644
0.866466914	0.042749093	0.424575333
0.905448192	0	0.394242173
0.864745892	0.044487073	0.429221287
0.719053012	0.110953383	0.590011316
0.699896611	0.124657184	0.587202257
0.68743632	0.150423079	0.564318861
0.760240298	0.116243295	0.552627377
0.847562663	0.058076927	0.558894194
0.844057879	0.060429435	0.559737679
0.850893236	0.027712127	0.595509449
0.859202303	0.020447788	0.595753824
0.860273342	0	0.594797855
0.898089297	0	0.578600303
0.8977473	0.000380042	0.57875603
0.712422203	0.650451035	0.603643036
0.725673209	0.682632903	0.62559465
0.798839413	0.732990655	0.462437878
0.669086249	0.801792049	0.592613968
0.680552883	0.799409626	0.491125852
0.71476237	0.806196728	0.51797258
0.641004018	0.795809629	0.560826713
0.605024334	0.754695025	0.512178999
0.638682877	0.793263933	0.509538379
0.59846566	0.671971995	0.485496685
0.608831433	0.646424051	0.490657273
0.612873981	0.644367347	0.494542203
0.598620647	0.671443606	0.485229223
0.60783898	0.647369248	0.486630271
0.612325718	0.646247082	0.482841229
0.765097371	0.713230905	0.41829515
0.763504838	0.696101861	0.412885727
0.784599425	0.697319488	0.436419519
0.798293491	0.730337194	0.458568714
0.572870266	0.745588883	0.147889095
0.579228523	0.737041086	0.140001828
0.62804644	0.83549034	0.096759875
0.717102538	0.845699675	0
0.656597149	0.717664784	0.052959612
0.652002555	0.695302434	0
0.712565394	0.851287715	0.005574237
0.717420545	0.849533937	5.52742E-05
0.717409188	0.848891934	0
0.717430668	0.849564337	0
0.616485355	0.891303912	0.069787956
0.658546483	0.909278668	0.017528306
0.665204518	0.914623666	0
0.48716008	0.873346843	0.092319174
0.469337233	0.777993732	0.142311028
0.490678262	0.898602003	0
0.463633882	0.759831554	0
0.469825805	0.320396862	0.709414085
0.45444698	0.302671399	0.577617908
0.398440752	0.307000967	0.677636184
0.547524934	0.318570619	0.605854194
0.551266973	0.322350172	0.633431437
0.42133859	0.161388381	0.633604927
0.397535376	0.213077237	0.677201648
0.477460414	0.090282885	0.689915375
0.478856283	0.09554721	0.713357999
0.611653145	0.233521252	0.772512075
0.576431505	0.156872852	0.756809215
0.619947637	0.1706991	0.70583918
0.65252026	0.214728146	0.696993567
0.641989045	0.239185996	0.733522143
1	0.672114663	0.355051934
0.950159232	0.651153661	0.475894238
1	0.554652761	0.520079912
0.971579302	0.576165644	0.507688362
0.89352227	0.535579495	0.444596424
0.878610506	0.4984087	0.423967017
1	0.698108572	0.402820899
1	0.720820306	0.456595071
0.995757916	0.719851867	0.456342279
1	0.462497678	0.350206511
1	0.415941144	0.384145602
0.962860502	0.450228755	0.372236193
0.883717619	0.474484031	0.420345647
1	0.423477291	0.481836157
0.951216422	0.409657042	0.445771277
0.963355256	0.404207054	0.452153789
1	0.397366277	0.460291708
1	0.39495825	0.415737064
0.961027774	0.40387871	0.443979717
0.964225973	0.403709207	0.452070493
0.604344745	0.39185468	0.153144097
0.666380682	0.369346593	0.092398929
0.524615177	0.343496789	0.19282846
0.49424946	0.414511983	0.168204865
0.479020692	0.380779321	0.186669143
0.493450452	0.383301938	0
0.464378005	0.377098197	0.177320491
0.462323324	0.360475249	0.168425282
0.452175706	0.415076337	0.130537048
0.452246303	0.415123496	0.130858327
0.454652838	0.39940728	0.14777884
0.454298391	0.398305156	0.14646394
0.529132968	0.250080352	0.142820661
0.52284982	0.25341394	0.149496537
0.505921366	0.253301047	0.140639121
0.53442613	0.265113885	0
0.530134409	0.227072348	0.07541252
0.559062039	0.22972771	0.097816597
0.710479828	0.350567726	0.034310675
0.680456257	0.349585247	0
0.614590106	0.30215863	0
0.641841689	0.287492378	0.057010772
0.73945246	0.46005377	0.754627725
0.789926652	0.462942629	0.816054043
0.794344312	0.467119285	0.834207302
0.772084377	0.48151141	0.68389197
0.844720152	0.57760252	0.714276993
0.846469961	0.523018739	0.754350488
0.820078885	0.497589506	0.667139446
0.816835973	0.497328811	0.663616224
0.848471411	0.526904713	0.6739827
0.844557564	0.599265255	0.678981303
0.835468525	0.620074347	0.688776054
0.743295948	0.568004321	0.631487121
0.806195108	0.54333437	0.634743409
0.821163124	0.525470456	0.643638197
0.848162398	0.538356917	0.663456053
0.846187512	0.575291454	0.66517493
0.677758903	0.51796958	0.879635569
0.672767384	0.533815281	0.871230092
0.647968729	0.526205991	0.858656043
0.65345055	0.52080892	0.863828736
0.724185318	0.690078444	0.715882956
0.662657048	0.574799746	0.644124889
0.70793628	0.61257601	0.647933751
0.61471318	0.504101357	0.769500984
0.622832218	0.616739307	0.719039059
0.611169782	0.541858266	0.805203106
0.613724742	0.507108964	0.778275897
0.640764159	0.541944822	0.671049096
0.62203513	0.529457017	0.711996833
0.625989265	0.58954218	0.688243694
0.641115482	0.575318399	0.66156586
0.649277185	0.570355032	0.649994406
0.644574184	0.558482217	0.659038147
0.752666205	0.681612255	0.701789432
0.729626177	0.69027398	0.711817801
0.734423635	0.676119872	0.693316181
0.808799706	0.565364959	0.523523868
0.789763393	0.537113217	0.583034696
0.655397812	0.571716571	0.639623345
0.730853335	0.480986392	0.499029049
0.792427814	0.467161705	0.476198981
0.812155979	0.630353591	0.454851146
0.803268851	0.483196265	0.442235243
0.814943571	0.5202286	0.432003325
0.814945818	0.520452781	0.431919703
0.792666865	0.686465721	0.433330885
0.574118764	0.481473037	1
0.587435231	0.556364862	0.854434473
0.801659926	0.6476682	0.976945715
0.822997266	0.640425266	1
0.508807496	0.644546034	0.87557169
0.488462503	0.59210438	1
0.521138553	0.711301639	0.916030222
0.513549599	0.701855339	1
0.51283167	0.699899015	1
0.51417261	0.70296859	0.990517093
0.593683558	0.472484838	1
0.674367992	0.474937852	0.928986741
0.769277949	0.471321307	0.981835747
0.776078511	0.470376724	1
0.791350575	0.490533567	1
0.776967203	0.470858139	0.989686723
0.850515501	0.208564321	0.529998113
1	0	0.544583151
0.866478827	0.055167658	0.415622279
0.869420674	0.315280878	0.382066072
0.879001281	0.166537491	0.315874387
0.937139615	0	0.344577805
1	0.357256986	0.504504683
0.945589337	0.341175804	0.520361428
0.961497392	0.338776441	0.523552932
1	0.358577896	0.373136247
0.881534958	0.244206183	0.293306659
1	0.105409891	0.265635351
0.881732422	0.240895533	0.291952995
0.880979072	0.197831617	0.299527268
1	0	0.309111459
0.987260842	0.062511599	0.278164035
0.977840232	0.057997596	0.282841172
0.970790089	0	0.316010767
0.915554146	0.000773574	0.58172686
0.916412901	0	0.581435034
1	0.083094298	0.269398039
1	0.032405635	0.291508676
0.993429759	0.058950027	0.278641603
0.993938325	0.069236197	0.274254445
0.413837905	0.277211998	0
0.495960078	0.214658512	0
0.312209019	0.269831772	0.123393317
0.209899956	0.239524701	0.019404926
0.201479524	0.235942989	0
0.223415432	0.192800649	0
0.201436539	0.235844827	0
0.204403224	0.229797783	0.015900724
0.238771996	0.161668035	0.070973151
0.286301303	0.139159643	0.128692108
0.355939149	0.189491461	0.191834177
0.319000157	0.137019988	0.139135117
0.410913893	0.146369554	0.134797112
0.37858336	0.161703256	0.179462977
0.375842872	0.17613495	0.189208332
0.475568071	0.179156068	0.074268771
0.665453299	0.413018465	0.16274698
0.587401101	0.360283194	0.215174531
0.54935514	0.309661646	0.201512309
0.536545975	0.343682217	0.204636494
0.526212492	0.25311304	0.152661529
0.638823503	0	0.731333281
0.645983134	0.105361721	0.754350311
0.750883246	0	0.785688214
0.718915086	0	0.866263974
0.748416882	0.023898578	0.788924998
0.71038498	0	0.875888905
0.561227005	0.1381756	0.789501093
0.570603082	0.076466262	0.892666365
0.435766534	0	0.796654327
0.435285807	0	0.799801371
0.445660586	0.023735319	0.799175524
0.450152931	0.032989123	0.799954235
0.519727547	0	0.927760063
0.442835872	0	0.817056995
0.455749735	0.020717065	0.825329019
0.521202374	0.011463428	0.924172785
0.883607668	0.619246368	0.613904563
0.892223476	0.737715688	0.493827834
0.899824297	0.731539574	0.486844267
0.879946237	0.725315379	0.483129757
0.815197151	0.520204774	0.4318975
0.556358188	0.426558435	0.647158108
0.596243356	0.460091035	0.696383218
0.493204009	0.44740957	0.710049666
0.596338697	0.473576324	0.759369289
0.593333393	0.475294299	0.726406544
0.600053059	0.463467873	0.763579556
0.641176976	0.33616222	0.739794147
0.43338799	0.372650119	0.752840459
0.454157935	0.433350886	0.744149352
0.460007773	0.432455524	0.777189792
0.446169856	0.384817397	0.797175015
0.446707328	0.383950528	0.797535072
0.445865033	0.384233731	0.796696646
0.571576383	0.297448855	0.833137709
0.602581939	0.316385637	0.82507656
0.612371183	0.254649344	0.815801922
0.621149203	0.260589359	0.813577242
0.654464968	0.256689151	0.74944203
0.678092235	0.877525728	0.309321226
0.635993704	0.838085593	0.277121152
0.646123453	0.866610097	0.231385804
0.485111026	1	0.254349144
0.62725288	0.920361397	0.158193571
0.764497813	1	0.258732904
0.683835318	1	0.163857648
0.645440123	0.932747815	0.154800121
0.671037251	0.908674654	0.19783064
0.516889053	0.871096585	0.282887402
0.521670806	0.863561459	0.27849584
0.750305222	1	0.299730614
0.754427928	0.971142401	0.305607561
0.765043403	1	0.260586419
0.463953522	0.921074053	0.264872539
0.466789166	0.979997819	0.254798314
0.482673881	0.911645469	0.220589595
0.47380238	0.898883957	0.242536197
0.459799578	0.301555326	0.850796347
0.371807432	0.215991735	0.822602686
0.390340144	0.255903556	0.919694958
0.369431953	0.222599719	0.85897639
0.388320103	0.240920839	0.939295773
0.413103995	0.191027747	1
0.376032244	0.209335734	0.929613322
0.383597402	0.192374197	0.951329049
0.398695879	0.200798805	0.989496561
0.398185027	0.201999409	0.988023405
0.376621337	0.2104191	0.931010158
0.558278802	0.295384371	0.844474681
0.398909317	0.152181933	0.797783816
0.609834284	0.212304369	0.87579
0.605950455	0.245750156	0.824081623
0.578127502	0.094193684	0.89890693
0.588871353	0.176859171	0.988714519
0.587023639	0.176758313	0.993180006
0.581638075	0.172071848	1
0.520641349	0.064230436	1
0.449847425	0.033669317	0.7989166
0.470180913	0.0794396	0.767838896
0.561263608	0.140620804	0.786846228
1	1	1
1	1	0.839792657
0.878629762	1	1
1	0.673091912	1
1	0.795188019	0.871336768
0.879290065	0.91225344	0.859683858
0.887503986	0.865887938	0.866390911
0.844389885	0.764395412	1
0.831660196	0.81501713	1
0.92104032	1	0.843963974
0.902066454	1	0.856647643
0.895593109	0.970163302	0.849903608
0.074231579	0.709529098	0.70004889
0.015601239	0.712892781	0.626415861
0.15941208	0.832627113	0.699938447
0.183269849	0.776970871	0.718603425
0.194980601	0.779107545	0.700476644
0.159391751	0.833213358	0.699423368
0.146513361	0.633143716	0.737466186
0.145769344	0.633299852	0.737211741
0.118206458	0.609883305	0.684337356
0.120531069	0.608736303	0.684151561
0.156888278	0.613837062	0.715527213
0.229990928	0.666582528	0.613303507
0.223409596	0.642911806	0.617258347
0.197344847	0.639725976	0.591051326
0.009109643	0.742036892	0.594189331
0.166127805	0.720860575	0.547727039
0.184997909	0.694944523	0.55240929
0.176351625	0.686037877	0.547345133
0.166576986	0.694008022	0.544153693
0.137467633	0.843431125	0.664392203
0.045558655	0.79817459	0.591243962
0.113241005	0.831436434	0.591043802
0.111387338	0.824357954	0.576267324
0.069948595	0.810154527	0.585987655
0.278839581	0.6119473	0.660583524
0.181989395	0.59816842	0.73888219
0.37323133	0.537586655	0.735014129
0.312273428	0.620350526	0.672768067
0.366394287	0.615130954	0.700173523
0.364863052	0.635812525	0.71606684
0.364890753	0.63649277	0.723317182
0.192564278	0.433043995	0.693306247
0.152396976	0.434646747	0.727405549
0.226363457	0.412315613	0.717550684
0.372734028	0.555049613	0.817000327
0.334176933	0.532313832	0.858978996
0.252120773	0.465438509	0.863507879
0.186907454	0.397028474	0.797105006
0.205091878	0.611559023	0.828857856
0.366293687	0.630330753	0.800167478
0.370214682	0.586499964	0.824725948
0.33425507	0.554550041	0.862250958
0.25620657	0.588731971	0.881008524
0.269494164	0.627599595	0.850755978
0.277051957	0.628819074	0.846196889
0.165330619	0.417118612	0.795519679
0.160670759	0.413115552	0.778294434
0.171889344	0.403935118	0.792625095
0.207284416	0.551097199	0.881165037
0.20851768	0.564133372	0.877232386
0.217900306	0.562895637	0.883918158
0.211112598	0.551764696	0.883465465
0	0.7127602	1
0	0.712406296	0.995121366
0	0.684818924	0.965158506
0.142163185	0.610349654	0.886332307
0.116132144	0.666068391	0.946472492
0	0.581038452	0.979927628
0	0.558115574	1
0.069953269	0.499684989	1
0.175865868	0.542516538	0.885028952
0.162612231	0.558334687	0.880871684
0.169590561	0.584706965	0.872729079
0.189326486	0.530284247	1
0.242918395	0.623011092	0.997186663
0.24312085	0.623140546	1
0.243783776	0.619148466	1
0.243227747	0.616808337	0.988133309
0.329028901	0.535767998	0.562347436
0.284363248	0.609505825	0.639235034
0.396594563	0.495632252	0.679801404
0.284283113	0.616068862	0.648589325
0.276944683	0.391619716	0.663740308
0.299465352	0.521001567	0.546393617
0.27567306	0.524534155	0.54976412
0.248103759	0.413246717	0.608676947
0.248429749	0.421033055	0.600495827
0.231655167	0.450919584	0.590932089
0.208255533	0.430899837	0.639299839
0.391938118	0.546775826	0.618674432
0.398304541	0.521993397	0.652762882
0.395021052	0.558111589	0.636907744
0.574152121	0.462343863	0.477309268
0.571354268	0.468737051	0.482630345
0.551742121	0.48817528	0.425655571
0.599303007	0.506943351	0.581791563
0.646273859	0.432951842	0.542210081
0.627236	0.497073452	0.609186748
0.695036692	0.452751697	0.511283244
0.577369207	0.58502385	0.571293236
0.544174597	0.498348134	0.413599606
0.539572513	0.508728919	0.421850033
0.649581191	0.569921574	0.643745518
0.602479659	0.5937866	0.598681775
0	0	1
0	0.290425627	1
0	0.279758148	0.95217
0	0.130365287	0.833304517
0.1134262	0.233072375	0.873850295
0.153408981	0	1
0.188021005	0.11384636	1
0.185690474	0.110963393	0.966021354
0.149653304	0	0.912235647
0.150362686	0.002330181	0.912257881
0.155931774	0.05334183	0.902675947
0.085953844	0.083306363	0.823002753
0.07701974	0	0.838813303
0.084530959	0.08114751	0.822208179
0	0.055694021	0.808774503
0	0	0.820051113
0.055941418	0	0.830335231
0.068883119	0.071758916	0.81818506
0.308262389	0.917792384	0.105158256
0.275173747	0.928259658	0.226253664
0.307359942	0.897767652	0.084626347
0.258016773	0.853425619	0.194854353
0.267550068	0.868619188	0.215852305
0.309526825	0.889464095	0.08149534
0.299288619	0.87802397	0.087999056
0.333438427	0.809022693	0.175075955
0.257698919	0.826852216	0.164714963
0.277268188	0.839916155	0.11569247
0.346329703	0.986424501	0.249615474
0.291134414	0.949954011	0.26191213
0.291423496	0.936092927	0.264476057
0.323423653	0.895640847	0.268868006
0.390264742	0.822239038	0.190014221
0.334008715	0.809048299	0.175334506
0.386512195	0.835872312	0.226769986
0.39778193	0.833342637	0.21626286
0.383210368	0.872848487	0.267200534
0.391560749	0.843053612	0.236913235
0.400171093	0.840736652	0.228199289
0.398158895	0.883522032	0.263721302
0.804271675	0.710775801	0.181525148
0.832048955	0.691061866	0
0.717399591	0.846107321	0
0.725020119	0.816909387	0.046666508
0.740648619	0.826775113	0.079927528
0.739800069	0.824471846	0.080913408
0.725734464	0.824787572	0.050819906
0.719877734	0.844211414	0.015017345
0.797643622	0.674716748	0.155304239
0.824706763	0.664528778	0.090066405
0.846281659	0.681069297	0.12943268
0.801933637	0.678740048	0.165852652
0.889908846	0.756750933	0
0.911821082	0.758149808	0.116204025
0.888497484	0.808032608	0.163532145
0.86707914	0.8859448	0.105703192
0.88000938	0.940486563	0
0.9085148	0.892391421	0
0.917540512	0.785743488	0.126552945
1	0.678192022	0.351779749
0.941895691	0.737155173	0.472736636
0.927606991	0.68557234	0.333128139
0.850464324	0.494594962	0.420313702
0.815556665	0.65545358	0.326626232
0.809540104	0.622860256	0.342955325
0.904275417	0.640362344	0.138771193
0.832775247	0.578210898	0
1	0.64652147	0
0.987739249	0.651969878	0
1	0.680999436	0.164654792
1	0.673392946	0.17084451
0.941996232	0.661696185	0.155450288
0.988894497	0.684362641	0.157148247
1	0.49666041	0.084997107
1	0.456974593	0
0.874267932	0.441075978	0
0.901698037	0.470644405	0.05589954
0.653620897	0.659657721	0.221400061
0.697346595	0.517769169	0
0.698191845	0.516176063	0
0.697923892	0.52156984	0.007954746
0.697816213	0.515724128	0
0.521269832	0.577736398	0.230824306
0.67964606	0.620068257	0.175630249
0.657538015	0.658139083	0.22302338
0.527056939	0.578700523	0.23698692
1	1	0.42648533
1	0.910543226	0.398745407
0.879643183	0.879911333	0.362904458
0.85772052	0.880228398	0.358204616
0.842164966	0.878860738	0.301705337
0.862812685	0.877716015	0.27788801
1	1	0.246389549
0.86996396	0.8798814	0.266787383
1	0.912756046	0.313966204
0.877806849	1	0.178128279
0.766290563	1	0.259070847
0.863438897	0.914073333	0.236658173
0.742979959	0.987805742	0.366450605
0.740432243	1	0.369674347
0.754573272	0.96283338	0.314679599
0.217927988	0.947677421	0.341150674
0.30195841	0.861353277	0.331452187
0.213216306	0.980879064	0.311436288
0.179776612	0.784660007	0.276601141
0.107386033	0.806808186	0.267149944
0.133159304	0.77707539	0.180457888
0.151182603	0.792339841	0.174838886
0.083557126	0.83020429	0.21477645
0.127580611	0.785312866	0.173072121
0.126804273	0.784650034	0.173317906
0.128440086	0.778158158	0.178353283
0.074234023	0.805834126	0.21699612
0.073697271	0.809429058	0.213738016
0.166889503	0	0.270228353
0.145682201	0	0.178268858
0.198080416	0.173448781	0.309349964
0.251163321	0.126973332	0.322482862
0.340222561	0	0.336851311
0.412781627	0	0.325123
0.159922132	0	0.138774868
0.196276785	0	0.11610593
0.221596199	0.128144538	0.130383599
0.251860204	0.09484193	0.103698944
0.249996071	0.12208856	0.111253995
0.195514583	0.194285454	0.286675826
0.208834709	0.203065852	0.260878251
0.2287422	0.189935763	0.311843818
0.19964477	0.188463979	0.307811603
0.422138608	0.02243418	0.318528444
0.363034688	0.20987629	0.28561982
0.37292785	0.199132313	0.224521932
0.356263384	0.204325594	0.216777676
0.329317328	0.217826654	0.248021306
0.376276757	0.203649844	0.2848899
0.374488645	0.205583596	0.284740866
0.375709728	0.204623946	0.280342178
0.833548885	0.10945053	1
0.717879615	0	0.876330168
0.744194796	0.03050316	0.887855235
0.828241214	0.061489361	0.948203819
0.845464237	0	0.984607182
0.848602149	0	1
0.850408107	0.091957693	1
0.841654862	0.059903036	0.960149618
0.602814937	0.183220768	1
0.586132556	0.177290647	1
0.513977624	0	1
0.385693648	0.426551968	0.244996709
0.410205062	0.426700901	0.224759229
0.345114726	0.497037136	0.151021887
0.419094673	0.477260013	0.126395457
0.264988629	0.324915471	0.197190906
0.302576851	0.310962432	0.145431412
0.296762413	0.320288646	0.134183935
0.254790788	0.363325983	0.118224975
0.242630759	0.364657195	0.144738695
0.242690003	0.363925275	0.145344128
0.317457274	0.519958522	0.105669926
0.244402551	0.41055815	0.112382647
0.243769201	0.400771425	0.105559342
0.247368225	0.398695078	0.09941565
0.324285172	0.519935729	0.097063687
0.350675661	0.47858658	0.031673784
0.364332634	0.479398821	0.028333462
0.919759967	0.688295888	0.2985722
0.87436227	0.815975926	0.250450575
0.864277175	0.863597418	0.265878198
0.859521694	0.850415298	0.444198287
0.926135022	0.828238906	0.519444789
0.879475837	0.83382991	0.49531285
0.802854639	0.734487352	0.462299989
0.93145899	0.811842831	0.523158895
0.894930256	0.761847795	0.507580758
0.760474321	0.72215868	0.401360294
0.734827246	0.719793005	0.308501237
0.735220304	0.721642215	0.305118386
0.743169128	0.721839178	0.296418157
0.781738654	0.71022153	0.274384854
0.831439147	0.664222244	0.295799007
0.833319473	0.226713836	0.301534282
0.83946897	0.222150822	0.303053587
0.810868538	0.229808773	0.297563745
0.636244939	0.196078651	0.273397905
0.624980255	0.048109455	0.288781161
0.584438597	0.130160286	0.361836263
0.59966684	0.160961783	0.416137185
0.567175725	0.171887467	0.393138978
0.590866373	0.159419737	0.406323326
0.606173289	0.226687271	0.349064539
0.60480626	0.217277884	0.32882838
0.565944331	0.202147815	0.39615721
0.582928768	0.217222633	0.380407196
0.592307733	0.222239843	0.364407289
0.593520596	0.216616254	0.348488378
0.561548292	0.192705206	0.404226832
0.561358657	0.19323872	0.403896902
0.561290114	0.192739229	0.404002044
0.556644184	0.465041936	1
0.419691011	0.505009243	1
0.415712553	0.552747079	1
0.348279574	0.46720679	0.873678777
0.429240345	0.42058979	0.824156189
0.448575725	0.451150666	0.795262508
0.498754891	0.64847778	0.847433455
0.579153347	0.559213371	0.829611651
0.673495865	0.825926206	0.401320196
0.677521318	0.889821588	0.413251721
0.68088418	0.786022435	0.313754753
0.746516788	0.960440388	0.439840841
0.683751538	0.934418535	0.393905464
0.688705686	0.882353666	0.317564076
0.72582048	0.992903005	0.401340551
0.732555784	0.721394811	0.305379003
0.774692583	0.889660947	0.703934965
0.967416585	1	0.701051571
0.913398024	0.935774755	0.711500974
0.861913834	0.917104706	0.82480135
0.806792207	0.899170558	0.792536908
0.690021853	1	0.659218362
0.741542425	0.90901257	0.693332594
0.714432478	1	0.819543844
0.735576308	0.957389313	0.815921699
0.768787971	0.935065505	0.818401028
0.866360475	0.927482024	0.836306811
0.174221451	0.442047082	0.503735379
0.168859793	0.396496129	0.473695576
0.186789857	0.462843688	0.532049776
0.186674871	0.415512942	0.418798097
0.193582532	0.416393985	0.409074868
0.192321454	0.411970238	0.412432868
0.184397016	0.41112224	0.423526889
0.25325733	0.39963895	0.596983746
0.245406006	0.322056086	0.547667148
0.261420368	0.522220167	0.546505356
0.219105004	0.461760447	0.578136142
0.348477766	0.313788532	0.445670451
0.277566229	0.351015787	0.576222874
0.255077941	0.31681751	0.547878851
0.268400951	0.526775366	0.545463898
0.406278855	0.335246867	0.417792693
0.396452727	0.357611598	0.461969247
0.365732486	0.522974284	0.482797508
0.29103366	0.463324434	0.354599114
0.299307008	0.46996252	0.356335278
0.335286515	0.432704856	0.36596196
0.353922394	0.537673194	0.425059688
0.352622735	0.531684672	0.412932324
0.374763535	0.518532117	0.422395004
0.370305406	0.531778176	0.43862956
0.40578139	0.341835579	0.413324004
0.398997949	0.380474773	0.38798447
0.402064514	0.382356548	0.390635805
0.732314766	0.249974569	0.474113511
0.853966943	0.316513547	0.380546948
0.66641843	0.353835607	0.351094773
0.728803918	0.391060403	0.340337833
0.779859176	0.406711448	0.419761093
0.739225343	0.378252321	0.451861929
0.837874273	0.22709622	0.301189343
0.642079517	0.330262761	0.354059178
0.860311489	0.246885964	0.292486557
0.845001965	0.231514928	0.296299093
0.834766954	0.234936335	0.292199524
0.853830165	0.250025507	0.289418268
0.580951517	0.256758644	0.395513893
0.668728096	0.287818236	0.513140552
0.56880747	0.221103454	0.40780248
0.66571846	0.252257095	0.520069082
0.663856821	0.260510855	0.520239584
0.651023872	0.273006636	0.509742704
0.568963397	0.2385913	0.412567239
0.146176557	0.305379386	0.376514275
0.159564617	0.356119576	0.317945015
0.158855106	0.3579736	0.319432207
0.215803576	0.451839317	0.302388042
0.199754888	0.462365252	0.322783063
0.214658883	0.471016522	0.311612194
0.163247275	0.214543484	0.357184019
0.159931985	0.221092243	0.364885591
0.366134637	0.370366224	0.352660045
0.220252075	0.215808528	0.367490003
0.164115374	0.212173289	0.35799161
0.163036402	0.21338988	0.364439689
0.219309721	0.21904265	0.384314289
0.385803592	0.383165717	0.371382457
0.340912769	0.263000117	0.433370755
0.396663845	0.272091401	0.402623945
0.389716803	0.266569075	0.385329811
0.387385843	0.337812374	0.365494864
0.39527055	0.378066362	0.378598934
0.40677536	0.334718544	0.417316345
0.158334168	0.471696555	0.516707308
0.050666746	0.540477311	0.4975256
0.163399257	0.46264904	0.521770641
0.197333624	0.625520905	0.57737399
0.263213177	0.530713199	0.544646668
0.255908095	0.538878689	0.538868473
0.184501651	0.630033747	0.527826795
0.006669511	0.495806352	0.541792148
0.062529556	0.458612961	0.552824044
0.082066615	0.454420919	0.66409642
0.082100914	0.518303424	0.658490131
0.006108241	0.467433014	0.641354102
0.0256549	0.453577275	0.648130187
0.824267956	0.814673025	1
0.731674962	0.917530062	0.84174471
0.808402065	0.796773557	0.787770014
0.769929745	0.741070646	0.810602998
0.721120848	0.807488151	0.844559763
0.868533709	0.857375614	0.825243421
0.818069237	0.759696505	1
0.828635299	0.744966588	1
0.8084444	0.731161096	0.969325572
0.794922686	0.746881687	0.967037238
0	0.320252488	0.759666037
0.117242076	0.334716753	0.83713648
0.177666635	0.221362317	0.721285229
0.145871163	0.220711059	0.685828489
0.091456019	0.090676654	0.81603144
0.063913911	0.399123669	0.684864448
0.155259	0.363691903	0.822218603
0.171711518	0.387060446	0.797908898
0	0.376034974	0.66769786
0	0.233744679	0.614580167
0.064250872	0.257292646	0.614018045
0.056383371	0.3336535	0.643669177
0.032150447	0.392090172	0.669011358
0.333329257	0.955877572	0.473693334
0.32759142	0.96338063	0.459552023
0.492813275	0.903004903	0.497665229
0.500098666	0.899726937	0.489319661
0.404427569	0.794608152	0.444066258
0.527824374	0.91704245	0.442127746
0.527618674	0.909062297	0.446545081
0.508926166	0.84897248	0.430315139
0.503303865	0.837001671	0.421601173
0.299427744	0.863179656	0.437344928
0.35121201	0.839868919	0.374017538
0.35246592	0.834268568	0.381138508
0.350797663	0.79997373	0.485889708
0.308307881	0.84069114	0.462977422
0.306665766	0.842053157	0.459200831
0.343656759	0.804467452	0.449940418
0.358374777	0.791381934	0.471793669
0.467816785	0.981016986	0.32859848
0.514993291	0.94297528	0.388800887
0.487723801	0.906924764	0.332714351
0.464898617	0.925519723	0.303656383
0.716219559	1	0
0.439115733	1	0
0.461764566	1	0.260482263
0.482369934	0.875608455	0.102740332
0.455937305	0.939032568	0
0.597045246	0.901355255	0.536181243
0.679991835	1	0.588486413
0.659209834	0.831362186	0.458912688
0.621351459	0.830108003	0.470459609
0.72311684	1	0.574177018
0.785834463	0.88953797	0.544159704
0.687643716	1	0.621827906
0.768506398	0.964689242	0.530541134
0.77127307	0.94023493	0.509833569
0.784726931	0.928060817	0.526734776
0.610340918	0.885632904	0.643382624
0.631855198	0.832389202	0.645669736
0.663283335	0.824803471	0.645958072
0.716799029	0.87573263	0.643672381
0.680501403	0.984593239	0.638986044
0	1	0.327524924
0.15804603	0.920470132	0.393769758
0.185439555	1	0.321831813
0.190106124	0.906100823	0.392088321
0	0.855796147	0.373718903
0	0.978613892	0.346643364
0.053215278	0.927311361	0.390872306
0	0.815929653	0.365381453
0.10972604	0.801156484	0.366822179
0.217602786	0.94644754	0.350199141
0.209369991	1	0.312340303
0.209500095	1	0.310271143
0.102961483	0.793366102	0.352861921
0	1	0.276250833
0.13313621	1	0.259419968
0.083041376	0.886357457	0.218278673
0	0.862815008	0.218941766
0	0.791662762	0.326694954
0.037186051	0.781891773	0.319587803
0	0.83953116	0.217495048
0	0.815935139	0.240460398
0.059261051	0.800401815	0.228998887
0.518726882	0.666090993	0.299593517
0.545849427	0.770184012	0.372151523
0.504319279	0.717228339	0.331723475
0.518870167	0.766568505	0.433933332
0.556379599	0.953625178	1
0.472136725	0.946487311	1
0.522256069	0.913424751	0.895127831
0.535041278	0.805742335	0.909241651
0.513802366	0.91408047	0.898984377
0.512696846	0.768720149	1
0.566874523	0.808754646	1
0.537875718	0.787078108	0.913439106
0	0.358053518	0.926318838
0.006110811	0.438741872	1
0.032353368	0.429002956	0.931358682
0	0.423965041	0.951571409
0	0.43678009	1
1	0.390740885	0.321800376
0.87009843	0.360983456	0.167028462
1	0.380444572	0.358605931
0.845867722	0.354149308	0.128393688
0.838316873	0.341835859	0.171582996
0.845482914	0.349973696	0.156899243
0.823881692	0.331025071	0.159778659
0.825220666	0.344636109	0.067399619
1	0.349550636	0.008411028
0.879805818	0.243216419	0.291689838
1	0.108751185	0.245320325
1	0.133585914	0.203351327
0.986051508	0.131897611	0.204847542
0.82946364	0.342579074	0.049409264
0.853015691	0.339992998	0.016746025
0.852994014	0.316671742	0.037796885
1	0.609089999	0.756038462
0.875254952	0.498290133	0.861419429
1	0.660810728	1
0.874829276	0.635311143	1
1	0.67870592	0.918127505
0.918704029	0.630161927	0.67315043
0.828779631	0.689278753	0.710172314
0.885205461	0.6223718	0.665761705
0.888153733	0.650910964	0.671875282
0.845579415	0.694163833	0.703480509
1	0.579040924	1
0.885043876	0.561207564	1
0.883817228	0.484324169	0.911240873
0.899146377	0.480701226	0.904295763
1	0.508902476	0.918826762
0.668361278	0.83072298	0.832804836
0.717148111	0.931338665	0.838174247
0.583405426	0.848409072	0.859286789
0.592253385	0.851839666	0.862632781
0.649623527	0.744731605	0.734577721
0.728908923	0.865517545	0.656520197
0.670191472	1	0.854066319
0.667499319	0.974376926	0.863910386
0.634624613	0.95497077	0.870674336
0.649653817	0.743765499	0.732491975
0.683593706	0.786372829	0.680599683
0.67972681	1	0.644541926
0.582010764	0.754075334	0.750175498
0.56409003	0.785376856	0.787680269
0.539153612	0.873617994	0.677348696
0.563964787	0.815476731	0.679266447
0.584781101	0.750007602	0.741573176
0.555841593	1	0.805405328
0.62417134	1	0.853034076
0.620464236	0.973792728	0.863081196
0.57332538	0.939556885	0.846724066
0	0.580242937	0.802608403
0	0.700919503	0.839306271
0	0.717083712	0.83288534
0.039646502	0.713902309	0.820476811
0.118780842	0.638611877	0.823094684
0.11173177	0.636100733	0.826523095
0	0.551635928	0.66316688
0	0.713999746	0.62135704
0.205951841	0	0
0.215780978	0	0.070693979
0.249644814	0.060891243	0.066971267
0.238823587	0.058217511	0
0.47670132	0.09842896	0.072026664
0.553114571	0	0
0.546368856	0	0.082479454
0.543708279	0.00564384	0.081927661
0.500126386	0.102002396	0.049975778
0.504208434	0.102013454	0
0.559833246	0.443574575	1
0.518919454	0.35899293	1
0.52587383	0.357092884	0.938580597
0.726108795	0.259355528	1
0.557929953	0.296344715	0.844411907
0.680114638	0.259001311	0.85923627
0.678673738	0.265640144	0.848479967
0.778857639	0.428917055	1
0.777616168	0.467369493	0.985038126
0.779177894	0.451344298	0.97957866
0.319636037	1	0.460293507
0.259621396	1	0.436040724
0.240621569	0.910452248	0.418687851
0.308311755	0.853304741	0.339486747
0.276578095	0.871011585	0.428957219
0.27899602	1	0.260586808
0.34541988	0.839556377	0.337870496
0.346042613	1	0.248724187
0.467192329	1	0.325792978
0.458545272	1	0.265377316
0.460117531	0.925624597	0.270260277
0	1	0
0	1	0.015980183
0.168585771	1	0.085344728
0.156612394	1	0
0.177152062	0.96634687	0.138658245
0.180196952	0.827593061	0.128424891
0.172982896	0.816112337	0.07436149
0.162047734	0.831678989	0
0	0.82172715	0
0.127335931	0.779979301	0.118885626
0.079840671	0.789448923	0
0.318264306	0.756821676	0.54299032
0.320215389	0.756833274	0.539029234
0.282764808	0.675205084	0.630233542
0.325270226	0.702657601	0.660936076
0.280820319	0.618503924	0.644746915
0.362624255	0.744324918	0.48404445
0.354467177	0.722575685	0.475914085
0.337239843	0.686391052	0.676471397
0.438013364	0.591724598	0.615101944
0.434623264	0.571863786	0.545307333
0.43907539	0.615987889	0.642864181
0.438761089	0.599993581	0.631767025
0.366741966	0.639026364	0.71684974
0.370249062	0.642637898	0.716617349
0.398704452	0.543283343	0.595762176
0.408194615	0.541699311	0.542748072
0.401751202	0.535592555	0.547543045
0.36747524	0.524679633	0.486402935
0.64494923	0.423989261	0.544521341
0.661220743	0.354906188	0.347699477
0.649402159	0.348804618	0.345611863
0.745128911	0.403645122	0.4916401
0.701157506	0.345902071	0.526493515
0.530764361	0.481746063	0.397439678
0.523916483	0.466642048	0.37067191
0.526064097	0.463349083	0.368226477
0.52461822	0.409734513	0.35479979
0.521225721	0.40715848	0.356562938
0.486651385	0.403558507	0.38064774
0.511181643	0.463610262	0.379082595
0.568802802	0.328595121	0.522608555
0.524836697	0.326422351	0.490451158
0.48023604	0.305665443	0.43512426
0.468752736	0.345906111	0.861445928
0.475909459	0.335357584	0.846603003
0.429912747	0.409188184	0.822815976
0.606013713	0.489048998	0.767503943
1	0.098852021	0
0.995299057	0.098196896	0
0.954485606	0.113906721	0.125273347
0.855989543	0.161609014	0
0.981590703	0.13047906	0.200182104
0.844036123	0.178564858	0
0.847931805	0.206688093	0.045812226
1	0.355446606	0
0.852691935	0.351723458	0
0.790268965	0.080021523	0.873954477
0.824997016	0.110655873	0.804844742
0.765615988	0.229412812	0.809251479
0.733024637	0.2250112	0.857924
0.817480593	0.087865201	0.67816605
0.695184789	0.154591072	0.660661068
0.813456645	0.082789482	0.672798242
0.743815132	0.262165344	0.774378927
0.741599719	0.260408646	0.753729088
0.695801022	0.256568203	0.728175135
0.673115758	0.171572471	0.660757913
0.66687031	0.208861433	0.682192243
0.88400086	0.611374518	0.660655077
0.896436929	0.743127682	0.641709014
0.876716124	0.732726361	0.663612915
0.830395899	0.710394713	0.70045421
0.805977337	0.699794297	0.711719066
0.850324437	0.711038504	0.694780134
0.531461606	0.754658393	0.586383396
0.520352544	0.757384106	0.620992225
0.521960059	0.784001759	0.429916133
0.459504339	0.802798139	0.636443648
0.527393838	0.781854512	0.646701499
0.52123667	0.771218588	0.643792668
0.517037475	0.808032432	0.425654624
0.348208777	0.793097822	0.501382035
0.348966072	0.785995934	0.506766561
0.364512247	0.762613628	0.484106693
0.554026573	0.910211636	0.454849494
0.612290541	0.835769482	0.459728474
0.566835251	0.730676005	0.501096467
0.524628537	0.793125558	0.42538079
0.333687911	1	0.509187099
0.322701148	1	0.546567276
0.272315655	0.883877207	0.621368366
0.273008305	0.865032979	0.603331597
0.283365303	0.819769682	0.530430742
0.303372113	0.805089571	0.533111238
0.737444511	0.836908753	0.176334718
0.861840082	0.898389463	0.228923283
0.88770754	1	0
1	0.54054613	0.606831204
0.947222242	0.569863167	0.649208091
1	0.597425209	0.667755011
1	0.599755206	0.668807469
0.904904031	0.756134007	0.636213094
1	0.825721615	0.598340239
0.977463038	0.817997946	0.604581502
0.936977868	0.809094428	0.591681781
0.980362056	0.826209758	0.596471724
1	0.837661389	0.586253825
0.944656163	0.829181715	0.533433583
0.94512134	0.829689465	0.534459983
1	0.849605983	0.546315087
1	0.847468172	0.540474849
0.815496328	0.374578987	0.842147202
0.723755014	0.280675489	0.725540377
0.70019705	0.264543167	0.724255778
0.763927415	0.278759406	0.774193777
0.747391309	0.265188194	0.753363384
0.823810203	0.449358101	0.923274319
0.824403483	0.443589313	0.921270095
0.376280784	0.339034863	0.980540498
0.377634608	0.340112221	1
0.350669189	0.364389987	1
0.344076011	0.367970984	0.980042279
0.340322615	0.448519712	0.876583553
0.544656798	0.963250907	0.421850962
0.548169928	1	0.422031737
0.401152414	1	0.885984067
0.316401352	0.830437365	0.896045619
0.358821439	0.77747802	0.855507085
0.350568168	0.907691485	0.738452755
0.47045847	0.731730584	0.864540985
0.538133916	0.786940876	0.910991612
0.512782487	0.750644169	0.912779253
0.515338743	0.740853562	0.902179864
0.539089435	0.787273206	0.910121932
0.502931146	0.720525069	0.865240421
0.533149878	0.746358544	0.832616311
0.514319538	0.736833208	0.896612111
0.511030785	0.732365386	0.889158145
0.333790689	0.940210991	0.742426724
0.274243961	1	0.879538912
0.263944558	1	0.839136204
0.263813057	0.999216352	0.838848691
0.271030661	0.939795792	0.884476351
0.398996609	0.201515589	1
0.170767814	0	0.904317098
0.399108683	0.201496614	0.998836704
0.399189586	0.2015612	1
0.641680994	0.390823172	0.235237316
0.675452175	0.414555133	0.20412371
0.667827156	0.373911622	0.245334581
0.703219921	0.397909619	0.213573282
0.693931786	0.525250687	0.303189028
0.526555878	0.46788678	0.36819995
0.739298597	0.42273252	0.261240777
0.73688958	0.41068034	0.25013843
0.728083087	0.392599368	0.338436631
0.737234566	0.429690173	0.337480626
0.676499016	0.419343491	0.165813469
0.774377096	0.415593886	0
0.761710204	0.387134214	0.060082966
0.776964322	0.402576159	0
0.768732938	0.378884204	0.042431462
0.588397805	0.975038033	1
0.673454427	0.874226364	1
0.665311027	0.852184447	1
0.617924005	0.824122418	0.930272237
0.872513486	0.482384626	0.306388138
0.848667457	0.425653356	0
0.872355904	0.450104821	0.043630481
0.843147994	0.561785266	0.227693843
0.898801408	0.515334414	0.258760132
0.850148396	0.564060622	0.232285033
0.883751088	0.504208811	0.301615661
0.890148659	0.500015774	0.129305855
0.903288687	0.53459718	0.214914151
0.878614584	0.552142466	0.215449578
0.778232588	0.430304229	0
0.789684453	0.529351672	0.167379357
0.781250518	0.510566581	0.207880229
0.756655799	0.427895381	0.241650582
0.752068207	0.402356338	0.217352946
0.752982919	0.380610027	0.141042958
0.776205084	0.349876952	0.094821787
0.823590612	0.331078496	0.159792928
0.825678527	0.380169865	0
0.777590991	0.352246421	0.077273928
0.82277909	0.347288493	0.052834667
0	1	0.620490095
0.131397008	1	0.623543847
0.152759802	0.894418207	0.60394784
0.158948108	0.880359192	0.614056416
0.149393469	0.872316176	0.59966353
0	0.904667097	0.802461291
0	1	0.815474224
0.175577284	1	0.791586378
0.176957094	0.88506607	0.687050725
0.18539431	0.952759553	0.783802423
0.155527848	0.905823335	0.781459061
0.15824058	0.861048847	0.695108279
0	0.79586393	0.581642467
0	0.7917187	0.585654025
0.214831908	0.425080009	0.273941973
0.170283061	0.295064246	0.224281252
0.154313277	0.27293472	0.234476413
0.263636523	0.319594763	0.208808182
0.234734289	0.338473076	0.202455945
0.155068331	0.2518912	0.243292177
0.163352131	0.205817965	0.344239342
0.162100764	0.207250981	0.340009647
0.158563995	0.217068578	0.290148895
0.373148772	0.220646406	0.302086266
0.318308329	0.757929289	0.541572877
0.252469078	0.613427025	0.411294487
0.27885905	0.608647276	0.388519122
0.17471368	0.652489201	0.508276905
0.31523057	0.581259618	0.393859336
1	0.487640802	0.582206852
0.906533405	0.532873072	0.654141818
0.823197643	0.438360935	0.507347512
0.855059086	0.486755852	0.419437428
0.799812834	0.453754202	0.473128646
0.80930605	0.470114235	0.441474937
0.81090075	0.455051738	0.450846731
0.897538618	0.495307224	0.6911392
0.872484604	0.337315739	0.693661828
0.872773627	0.309078891	0.729205978
0.965931761	0.346003053	0.721873727
0.930078949	0.32809219	0.711994287
0.984633784	0.430618909	0.856352245
0	1	0.503303943
0.10308832	1	0.502271308
0.128764836	0.937494799	0.516559485
0.151357446	1	0.542529259
0.153751514	0.984374368	0.542744354
0.145089963	0.93061824	0.529391084
0	0.812006485	0.547051293
0.078503378	0.83296341	0.541388108
0.141822202	0.853098998	0.567201179
0.121050991	0.831124018	0.566599563
0.17021829	0.749289952	0.39954953
0.168715141	0.802585117	0.426997557
0.169206643	0.790098806	0.415929733
0.159501298	0.771182024	0.388736113
0	0.591048552	0.435570868
0.168315704	0.654747695	0.50292013
0.170807448	0.647981733	0.422859653
0	0.822986695	0.410115828
0	0.590844351	0.433423762
0.093982036	0.618481963	0.38764853
0.165402603	0.819311499	0.530154985
0	0.740965142	0.593039712
0	0.568508676	0.807549666
0	0.484886941	0.797402702
0.10808953	0.456796503	0.843552398
0.721840464	0.203140953	0.539061295
0.836900108	0.204560462	0.535704472
0.840753712	0.35091503	0.576009787
0.810313794	0.365882429	0.581136392
0.727494307	0.322586264	0.571874192
0.681952414	0.221747784	0.545501151
0.679554095	0.23987809	0.550587845
0.311394761	0.339832774	0.672155194
0.135607593	0.23963299	0.542552078
0.211189986	0.212646868	0.544473084
0.219068598	0.21243356	0.54472301
0.111469158	0.24648671	0.558480267
0.249268088	0.214869177	0.619795438
0.310410662	0.289938172	0.733338293
0.218903762	0.219642473	0.708847353
0.2170008	0.219754382	0.71016273
0.22054793	0.221171225	0.710206305
0.076510519	0.417624576	0.691627346
0.10739568	0.433550779	0.688109859
0.315490325	0.291016798	0.724159748
0.3154178	0.29075423	0.724197926
0.314999684	0.290762569	0.725225694
0	1	0.357554149
0.096202842	1	0.484828166
0.110042995	0.944511826	0.47482934
1	0	0.805263835
1	0.081310388	0.766065178
0.910979433	0.109366577	0.855850676
0.861231137	0.079309231	0.661962847
0.85272861	0.03093797	0.606582283
1	0	0.640319081
1	0.073772817	0.725842257
0.910493593	0.073103567	0.662012428
0.469169477	0.443368807	0.592994761
0.502597599	0.478938266	0.565737355
0.449157356	0.45342811	0.590108995
0.608138077	0.47064058	0.632503938
0.619397804	0.478259229	0.628850755
0.619465821	0.48022905	0.637200925
0.580226779	0.608303279	0.653262452
0.116911663	0.368195662	0.471358904
0.12703168	0.3699255	0.469169508
0	0.58573449	0.438746616
0	0.498590277	0.537656758
0.117433613	0.539201156	0.349717296
0.144291913	0.489692877	0.341767841
0	0.469940958	0.367784118
0.113824254	0.54113496	0.3505099
0	0.587522232	0.431846323
0.080946769	0.556506217	0.36638982
0.050897035	0.53877962	0.362221476
0	0.525025754	0.371001923
0.40203864	1	1
0.589683047	1	1
0	0.531579856	0.320503311
0	0.514930049	0.159528195
0	0.622571786	0.182338125
0	0.593116665	0.158722947
0.12170869	0.699454889	0.191498021
0.154790989	0.524824758	0.170368693
0.172973669	0.526797524	0.17947798
0.119129369	0.588326925	0.357570251
0.118983882	0.541219676	0.348501516
0.150855864	0.571575654	0.341874673
0.150694944	0.686255009	0.168416559
0.224928941	0.596621471	0.174587411
0.150057578	0.688986637	0.170881426
0.219002786	0.616214081	0.190055053
0.231573569	0.592557998	0.180220973
0.21425167	0.533798036	0.224540873
0.222393843	0.540860443	0.288360401
0.224747538	0.544183335	0.288293635
0.218340373	0.541431755	0.197527704
0.237216829	0.579725313	0.220411347
0.23520771	0.561615593	0.249489857
0.235882671	0.566321206	0.195243508
0.237438516	0.580852793	0.189104273
0.742423767	0.077851888	0.158164192
0.673243206	0	0.17423458
0.654381094	0.205610914	0.173669785
0.642278865	0	0.174909486
0.654537939	0.200417097	0.171077905
0.693513563	0.119221099	0.151491972
0.647831638	0.060932118	0.163390857
0.627780204	0	0.257133311
0.504136601	0.211719886	0
0.499963528	0.183625813	0.051315291
0.274775518	0.70514742	0
0.290014191	0.690078496	0.062625831
0.2345801	0.601548023	0.137608548
0.170752363	0.60562984	0
0.37543263	0.638731246	0.11966964
0.26299371	0.585661402	0.155486561
0.342454761	0.474587846	0
0.441581223	0.554482256	0.329799892
0.474308005	0.539557588	0.30325815
0.426146491	0.66346379	0.181883349
0.455427801	0.660330933	0.226274111
0.496434423	0.622237071	0.245937362
0.523263134	0.579966725	0.236927494
0.308074923	0.58252145	0.35485562
0.321154017	0.601165915	0.33254966
0.238710089	0.557532203	0.267646784
0.284503156	0.590573322	0.338143452
0.279153852	0.594950021	0.314003513
0.384299777	0.647123172	0.123383497
0.250373615	0.587095369	0.170993545
0.273443812	0.577668075	0.330629578
0.29234338	0.582933667	0.350481187
0.283743533	0.58695421	0.342904337
0.910606227	0.21546396	1
1	0.208179118	1
0.927305956	0.203142381	1
1	0.438717091	0.86166236
0	0.444648276	0
0	0.389985282	0
0.156380198	0.609298283	0
0.113931459	0.493532931	0.146236366
0	0.422884773	0.04478028
0	0.39965217	0.033304833
0.047716727	0.40815579	0.075990601
0.062317093	0.456097184	0.111446437
0.204095613	0.373363401	0
0.219853181	0.605915633	0.144467763
0.588974473	1	0.433331069
0.567931374	0.96592068	0.428238466
0.087071661	0.419546779	0.210122795
0	0.401344215	0.342405215
0	0.441707168	0.349417457
0.050300957	0.413122385	0.317273809
0.048559048	0.406646725	0.317089948
0	0.302587716	0.249830669
0.053008518	0.279107829	0.19475963
0.068432925	0.315795593	0.178784672
0	0.505908059	0.152836938
0.06641816	0.463970236	0.123235933
0	0.271565531	0.145669383
0	0.270662662	0.211393927
0.014214533	0.272607407	0.212861588
0.051879981	0.278066397	0.194487248
0.168653728	1	0.533374617
0.267090343	0.878465994	0.624607605
0.271857162	0.881323953	0.666795394
0.763055634	0.846910237	0.66829558
0.837718271	0.876308627	0.525976686
0.786553198	0.717590638	0.720952548
0.781571898	0.709952074	0.72319361
0.724052627	0.703750505	0.717715034
0.727882171	0.694946698	0.716059023
0.733813479	0.700552883	0.720269881
0.844266766	0	0
0.86614949	0	0
0.79862317	0.028271109	0
0.912678966	0	0.061037463
0.921261888	0	0.08780493
0.78351464	0.105038395	0.124111527
0.834378582	0.165876603	0
0.819971876	0.178301422	0.06243565
0.655288909	0.839628817	0.441102282
0.546507731	0.773615402	0.371244836
0.673385911	0.781006192	0.307970481
1	0	1
0.221659383	0.893288007	0.431754232
1	0.361533016	0.672683071
0.660329007	0.758044257	0.233302084
0.660964789	0.778547655	0.253193609
0.590621567	0.733828184	0.18351458
0.640335084	0.815858835	0.281083764
0.523189429	0.860322375	0.279025371
0.44489788	0.820705965	0.192109918
0.454634343	0.800667597	0.195715179
0.455764574	0.776603431	0.173084656
0.455661609	0.77666694	0.172904325
0.445180521	0.818432361	0.191726376
0.409036857	0.385628216	0.345433382
0.401116364	0.221360056	0.221617261
0.81213738	0.667438301	0.966801672
0.803132318	0.676925361	0.9283363
0.764948925	0.71407652	0.780364783
0.765245995	0.711752942	0.775567885
0.557125707	0.686483188	0.736657269
0.493955407	0.667542468	0.83542619
0.517084579	0.728565716	0.905984431
0.516271944	0.735355299	0.902103953
0.346651223	1	0
0.302117414	1	0.083151057
0.303820138	0.922749634	0.088483186
0.350221267	0.939500326	0
0.422000135	0.820071932	0.193303304
0.443051554	0.820374046	0.192661842
0.269627181	0.207244332	0.891257531
0.937101153	0	0
0.242837919	0.616143705	0.393697316
0.202058841	0.776232115	0.699391972
0.185627848	0.773088425	0.725170476
0.325847866	0.703931986	0.662103395
0.190465901	0.623660957	0.822567474
0.213847674	0.690070169	0.825449042
0.270255113	0.631272516	0.850723288
0.423693652	0.712594671	0.312885351
0.331441218	0.792629616	0.321728692
0.349163063	0.811186563	0.318364538
0.344884857	0.822848705	0.332458995
0.277749389	0.664478712	0.335451248
0.270990774	0.64362448	0.372995115
0.272697557	0.610286333	0.37989757
0.305384249	0.577651437	0.364065673
0.635537207	0	0.489190265
0.584355331	0	0.280298358
0	0.786665981	0.980429962
0	0.802157126	0.872268563
0.10012722	0.81492395	0.850560493
0.128724948	0.816808861	0.856659213
0.108254735	0.805356149	0.922837811
0.152511132	0.608124559	0.855616848
0.158561234	0.630289839	0.829639945
0.837712869	0.65270911	1
0.813059668	0.667947495	0.967041549
0.67911158	0.685794186	0.126823723
0.637982448	0.687293461	0.206375929
0.656386078	0.674611116	0.216199584
0.661721097	0.663393022	0.222033999
0.699432321	0.635027996	0.164615552
0.701395357	0.616977724	0.151012542
1	0.477338978	0.329786722
0.887160263	0.499492211	0.314951162
1	0.681355411	0.29827564
0.945714679	0.686433789	0.292000222
0.837676635	0.60501219	0.293647872
0.837565442	0.653907086	0.286084629
0.887442845	0.490668411	0.327052439
1	0.480516013	0.255176538
1	0.497719315	0.264892225
1	0.515823185	0.204501991
1	0.520343287	0.215095296
0.899630422	0.471945299	0.066812815
0	0.468876519	0.641429832
0	0.439220611	0.66396422
0.02407745	0.430207272	0.666190978
0.419790183	0	0.417582036
0.464598206	0.11048989	0.385297124
0.476669009	0.165668338	0.408476634
0.684814624	0.1376011	0.591005678
0.686664904	0.151193858	0.564325664
0.441356593	0	0.636466602
0.409962699	0.076401666	0.550890591
0.462982489	0.051235917	0.634222319
0.385181405	0	0.563884638
0.383594788	0	0.555612068
0.384683873	0.006391677	0.559476052
0.426496743	0.457417657	0.686793031
0.425837346	0.458687783	0.686619031
0.426934506	0.457419458	0.687449301
0.370750055	0.336255545	0.682681496
0.373219257	0.327658922	0.692038404
0.312502537	0.289837568	0.735765404
0.265209332	0.428133422	0.872478888
0.312221764	0.289564514	0.734606788
0.668111521	0.753330077	0.237569274
0.406683707	0.516245304	0.409329792
0.457289966	0.477389541	0.383213094
0.50626356	0.63821544	0.25154254
0.428139327	0	0.79993994
0.274130297	0	0.700943899
0.350733904	0.21390768	0.792453713
0.35410925	0.209862721	0.79983435
0.365100077	0.193706881	0.797696395
1	0.775603244	0.832699648
0.922159808	0.775113743	0.731801833
1	1	0.673845905
0.439906425	0.34888562	0.529738574
0.455833952	0.439350411	0.595021914
0.339509858	0.225985874	0.827936474
0.353811229	0.218453664	0.806540323
0.345660995	0.774048641	0.662778937
0.344318856	0.766994387	0.666168735
0.519763443	0.734089748	0.660988368
0.323190824	0.777673288	0.5380641
0.373025692	0.645276464	0.718666264
0.492662697	0.673820729	0.691755752
0.519408185	0.393912454	0.239467388
0.417836766	0.391671672	0.385781995
0.555377813	0.425776614	0.639883111
0.541985293	0.336798164	0.559307712
0.465526842	0.437482403	0.595312798
0.493970609	0.335263307	0.529141776
0.461653712	0.329514218	0.519873542
0.296154806	0.75184421	0.30595139
0.216861307	0.715638219	0.209203983
0.255454257	0.72471131	0.294153979
0.273933908	0.679074592	0.322895481
0.333648761	0.808822567	0.175167148
0.400412275	0.694360481	0.124985339
0.409684717	0.691600404	0.124841295
0.447392065	0.762900801	0.167131983
1	1	0.572174977
0.757945623	1	0.534990379
0.14166265	0.203231338	0.109552484
0.24255007	0.363880211	0.145575452
0.155983641	0.290220536	0.216234437
0.134158053	0.264223559	0.222298993
0.137323593	0.268932677	0.22290462
0.531584389	0.682145869	0.704009484
0.574680606	0.613709537	0.663954428
0.768669992	1	1
0.732149134	0.899757156	1
0.250582391	0.825499144	0
0.260229967	0.803974566	0.027291278
0.247191897	0.829744411	0
0.244042202	0.824121528	0.027643451
0.268164565	0.843559483	0.103949803
0.219467762	0.84936423	0.453682216
0.175186819	0.827103086	0.528794128
0.119077173	0.359722303	0.471057836
0.121942988	0.239239604	0.536650186
0.215709016	0.979356792	0.144536039
0.211646353	1	0.145601454
0.195907044	1	0.14360852
0.21686971	0.837074195	0.133794045
0.237910952	0.827934428	0.163490042
0.797147454	0.214090576	1
0.806711743	0.366873975	0.628646595
0.858765977	0.340287614	0.679510799
0.903144521	0.652033985	0.150911548
0.886401726	0.625823161	0.218593396
0.845253887	0.628778671	0.241491571
0.848026823	0.569142007	0.233962093
0.813301254	0.594648271	0
0.738043087	0.508515907	0
0.741996236	0.595084262	0.130033431
0.791026324	0.669566143	0.193122169
0.769082711	0.649533705	0.167198592
0.110419746	0.285602009	0.410799633
0.091709308	0.28886193	0.4421973
0.181237265	0.475351896	0.322487436
0.238276818	0.549103621	0.293452602
0.211713881	0.77062943	0.305610905
0.232464537	0.849675485	0.450302259
1	1	0
1	0.9004788	0
1	0.748091284	0.179486646
1	0.758234878	0.241985381
0.882748229	0.82432318	0.244039346
0.869095642	0.871318858	0.262585904
0.716688484	0.782782228	0.211340569
0.677658745	0.755036339	0.249811008
0.738289715	0.721098737	0.292687572
0.867864268	0.306777066	0.728351929
0.780735585	0.701298439	0.247751936
0.341994965	0.780515606	0.667915634
0.703382181	0.113436141	0
0.724755746	0.155649576	0.115512023
0.687499176	0.246964553	0.131497104
0	0	0.199517867
0.064104197	0	0.160655918
0	0.153626562	0.322063658
0	0	0.107356722
0.037082552	0	0.121932731
0.1419907	0.216998593	0.286535496
0.127215928	0.214841577	0.293771798
0	0.227565624	0.086302448
0.083026395	0.268344731	0.205412438
0.002555237	0.226894212	0.087368951
1	0.657566576	0.220833805
0.205610114	0.758703166	0.834848051
0.177528383	0.836673347	0.849236059
0.279474822	0.751631951	0.88318746
0.2487599	0.649743887	0.995217471
0.27945659	0.692714998	0.870331381
0.259517034	0.863605342	0.966906068
0.264709771	0.853695246	0.970204656
0.275378586	0.847958315	0.922261046
0.264000942	0.867575308	0.922879166
0.574419074	0.245622028	0.211846828
0.619313584	0.231350059	0.228982151
0.767630284	0.347666745	0.644671671
0.733600157	0.329322957	0.631638622
0.38073093	0.296650781	0.953121689
0.256587983	0.367882569	1
0.325176278	0.370456705	0.96936958
0	1	1
0	0.791715409	1
0.156658127	0.874895551	0.802373364
0.256628629	0.871249015	1
0.262468301	1	1
0	0.625226907	0
0.092790024	0.683784117	0
0.149609576	0.689767389	0.147668917
0.464908311	0.678522505	0.231779233
0.463402803	0.71147704	0.264176958
0.776975359	0	0
1	0	0.286931951
0.620874147	0.481341357	0.649195073
0.616665078	0	0
0.604512994	0	0.128818604
0.546955122	0	0.084335624
0.436754849	0	0.32437512
0.430170931	0	0.329574984
0.431808007	0.004031424	0.328378581
0.268080106	0.388915068	0.923267334
0.724086367	1	0.403740601
0.34199005	0.778684783	0.668217182
0.26533571	0.854294467	1
0.248738174	0.648323632	1
0.36459484	0.719376369	0.836440079
0.357714355	0.755359642	0.847506477
0.504321626	0.756605764	1
1	0	0
0.457453141	0.303754106	0.435694804
1	0.690303139	0.274534579
0	0	0.578672896
0.124073946	0	0.684708974
0.213185015	0.17942181	0.533026998
0.215547078	0.199436214	0.532304637
0	0.090652446	0.463558244
0.095251286	0.20602819	0.490941219
0.107433115	0.190466698	0.479438292
0.066917399	0.13488947	0.464572981
0.653733746	0.206664843	0.170568559
0.211004288	0.487424753	0.3032854
0	0.258569898	0
0.653912477	0.206817005	0.171724803
0.405958216	0.086380984	0.550391544
0.288138772	0.138639024	0.55700435
0.229412625	0.195638132	0.535024673
0.224665224	0.200563294	0.533885345
0.22736437	0.201295008	0.531261984
0.44150204	0.231749999	0.416810344
0.561203929	0.200101372	0.402435738
0.285708436	0	0.665658549
0.288364893	0.137599275	0.557074552
0.238919693	0.168897704	0.538274842
0.079984357	0.136394968	0.427696873
0	0.090027838	0.462938233
0.058889794	0.122040178	0.456964271
0.047285083	0.111911197	0.454348917
0.297353669	0	0.42482622
0.29822127	0	0.496823224
0.470391095	0.188304658	0.403569775
0.37838064	0.642831725	0.7988195
0	0	0
0.227602182	0	0.471732072
0.017402255	0	0.440202608
0.208175707	0.484058268	0.283298728
0	0	0.444971028