0 4 1
0 17 1
0 3 1
0 358 1
1 7 1
1 19 1
1 14 1
1 203 1
2 8 1
2 18 1
2 3 1
2 353 1
3 0 1
3 9 1
3 2 1
3 357 1
4 0 1
4 5 1
4 10 1
4 478 1
5 4 1
5 12 1
5 6 1
5 453 1
6 11 1
6 15 1
6 5 1
6 427 1
7 1 1
7 8 1
7 11 1
7 393 1
8 7 1
8 2 1
8 9 1
8 391 1
9 10 1
9 3 1
9 8 1
9 421 1
10 4 1
10 9 1
10 11 1
10 343 1
11 7 1
11 6 1
11 10 1
11 290 1
12 5 1
12 13 1
12 15 1
12 260 1
13 12 1
13 16 1
13 14 1
13 196 1
14 15 1
14 1 1
14 13 1
14 204 1
15 6 1
15 14 1
15 12 1
15 103 1
16 13 1
16 17 1
16 19 1
16 197 1
17 16 1
17 0 1
17 18 1
17 359 1
18 2 1
18 19 1
18 17 1
18 275 1
19 18 1
19 1 1
19 16 1
19 199 1
20 27 1
20 23 1
20 26 1
20 350 1
21 24 1
21 31 1
21 22 1
21 432 1
22 21 1
22 25 1
22 23 1
22 364 1
23 20 1
23 28 1
23 22 1
23 367 1
24 21 1
24 35 1
24 25 1
24 458 1
25 22 1
25 24 1
25 26 1
25 361 1
26 20 1
26 32 1
26 25 1
26 363 1
27 20 1
27 29 1
27 33 1
27 397 1
28 23 1
28 29 1
28 31 1
28 435 1
29 28 1
29 27 1
29 30 1
29 437 1
30 31 1
30 34 1
30 29 1
30 417 1
31 21 1
31 30 1
31 28 1
31 434 1
32 26 1
32 33 1
32 35 1
32 116 1
33 32 1
33 27 1
33 34 1
33 125 1
34 30 1
34 35 1
34 33 1
34 124 1
35 34 1
35 24 1
35 32 1
35 114 1
36 37 1
36 45 1
36 40 1
36 410 1
37 36 1
37 47 1
37 38 1
37 406 1
38 37 1
38 39 1
38 42 1
38 398 1
39 38 1
39 40 1
39 43 1
39 52 1
40 39 1
40 36 1
40 41 1
40 54 1
41 40 1
41 46 1
41 44 1
41 55 1
42 43 1
42 38 1
42 51 1
42 399 1
43 39 1
43 42 1
43 44 1
43 53 1
44 41 1
44 50 1
44 43 1
44 59 1
45 36 1
45 48 1
45 46 1
45 464 1
46 41 1
46 45 1
46 49 1
46 465 1
47 48 1
47 37 1
47 51 1
47 403 1
48 45 1
48 47 1
48 49 1
48 481 1
49 46 1
49 50 1
49 48 1
49 483 1
50 49 1
50 44 1
50 51 1
50 226 1
51 42 1
51 47 1
51 50 1
51 404 1
52 39 1
52 56 1
52 53 1
52 459 1
53 52 1
53 43 1
53 60 1
53 461 1
54 40 1
54 57 1
54 55 1
54 413 1
55 41 1
55 58 1
55 54 1
55 438 1
56 52 1
56 57 1
56 61 1
56 293 1
57 56 1
57 54 1
57 62 1
57 291 1
58 55 1
58 59 1
58 62 1
58 154 1
59 58 1
59 44 1
59 60 1
59 142 1
60 53 1
60 61 1
60 59 1
60 144 1
61 60 1
61 56 1
61 62 1
61 166 1
62 58 1
62 57 1
62 61 1
62 167 1
63 66 1
63 67 1
63 64 1
63 178 1
64 63 1
64 71 1
64 74 1
64 169 1
65 66 1
65 68 1
65 76 1
65 449 1
66 65 1
66 63 1
66 73 1
66 176 1
67 63 1
67 68 1
67 72 1
67 379 1
68 67 1
68 65 1
68 69 1
68 384 1
69 68 1
69 70 1
69 72 1
69 210 1
70 69 1
70 75 1
70 71 1
70 207 1
71 64 1
71 72 1
71 70 1
71 205 1
72 71 1
72 67 1
72 69 1
72 209 1
73 66 1
73 74 1
73 76 1
73 177 1
74 64 1
74 75 1
74 73 1
74 175 1
75 70 1
75 76 1
75 74 1
75 309 1
76 75 1
76 65 1
76 73 1
76 446 1
77 81 1
77 92 1
77 86 1
77 423 1
78 80 1
78 90 1
78 88 1
78 311 1
79 82 1
79 85 1
79 80 1
79 205 1
80 78 1
80 83 1
80 79 1
80 208 1
81 84 1
81 77 1
81 82 1
81 380 1
82 81 1
82 79 1
82 83 1
82 209 1
83 80 1
83 84 1
83 82 1
83 214 1
84 81 1
84 89 1
84 83 1
84 300 1
85 79 1
85 86 1
85 88 1
85 352 1
86 85 1
86 77 1
86 87 1
86 424 1
87 86 1
87 91 1
87 88 1
87 323 1
88 85 1
88 78 1
88 87 1
88 320 1
89 92 1
89 84 1
89 90 1
89 141 1
90 89 1
90 78 1
90 91 1
90 188 1
91 87 1
91 92 1
91 90 1
91 194 1
92 77 1
92 89 1
92 91 1
92 193 1
93 99 1
93 108 1
93 95 1
93 443 1
94 95 1
94 112 1
94 98 1
94 215 1
95 94 1
95 93 1
95 96 1
95 219 1
96 95 1
96 100 1
96 97 1
96 221 1
97 98 1
97 102 1
97 96 1
97 217 1
98 101 1
98 97 1
98 94 1
98 216 1
99 93 1
99 104 1
99 100 1
99 200 1
100 96 1
100 99 1
100 103 1
100 204 1
101 98 1
101 105 1
101 111 1
101 314 1
102 97 1
102 106 1
102 103 1
102 427 1
103 102 1
103 100 1
103 107 1
103 15 1
104 99 1
104 109 1
104 107 1
104 259 1
105 106 1
105 101 1
105 110 1
105 262 1
106 102 1
106 105 1
106 107 1
106 263 1
107 103 1
107 104 1
107 106 1
107 260 1
108 109 1
108 93 1
108 112 1
108 444 1
109 104 1
109 108 1
109 110 1
109 264 1
110 105 1
110 111 1
110 109 1
110 265 1
111 101 1
111 112 1
111 110 1
111 253 1
112 108 1
112 94 1
112 111 1
112 385 1
113 114 1
113 120 1
113 124 1
113 430 1
114 115 1
114 113 1
114 35 1
114 496 1
115 117 1
115 114 1
115 116 1
115 463 1
116 118 1
116 32 1
116 115 1
116 363 1
117 115 1
117 121 1
117 118 1
117 127 1
118 116 1
118 119 1
118 117 1
118 132 1
119 118 1
119 125 1
119 122 1
119 133 1
120 113 1
120 121 1
120 123 1
120 239 1
121 120 1
121 117 1
121 122 1
121 136 1
122 123 1
122 119 1
122 121 1
122 137 1
123 120 1
123 126 1
123 122 1
123 247 1
124 113 1
124 34 1
124 126 1
124 431 1
125 119 1
125 33 1
125 126 1
125 397 1
126 123 1
126 124 1
126 125 1
126 297 1
127 134 1
127 117 1
127 128 1
127 328 1
128 127 1
128 129 1
128 132 1
128 346 1
129 128 1
129 135 1
129 130 1
129 338 1
130 129 1
130 133 1
130 131 1
130 156 1
131 137 1
131 139 1
131 130 1
131 305 1
132 128 1
132 118 1
132 133 1
132 345 1
133 130 1
133 132 1
133 119 1
133 349 1
134 127 1
134 141 1
134 135 1
134 183 1
135 129 1
135 134 1
135 138 1
135 185 1
136 121 1
136 140 1
136 137 1
136 240 1
137 136 1
137 131 1
137 122 1
137 242 1
138 135 1
138 139 1
138 141 1
138 188 1
139 131 1
139 140 1
139 138 1
139 302 1
140 136 1
140 141 1
140 139 1
140 300 1
141 140 1
141 134 1
141 138 1
141 89 1
142 158 1
142 143 1
142 59 1
142 226 1
143 142 1
143 145 1
143 144 1
143 222 1
144 60 1
144 146 1
144 143 1
144 462 1
145 143 1
145 165 1
145 147 1
145 223 1
146 144 1
146 150 1
146 148 1
146 448 1
147 148 1
147 145 1
147 149 1
147 279 1
148 146 1
148 147 1
148 152 1
148 308 1
149 147 1
149 160 1
149 151 1
149 280 1
150 146 1
150 166 1
150 152 1
150 445 1
151 153 1
151 149 1
151 152 1
151 303 1
152 150 1
152 148 1
152 151 1
152 313 1
153 156 1
153 151 1
153 168 1
153 305 1
154 58 1
154 159 1
154 155 1
154 439 1
155 157 1
155 154 1
155 167 1
155 426 1
156 153 1
156 161 1
156 157 1
156 130 1
157 155 1
157 162 1
157 156 1
157 349 1
158 142 1
158 164 1
158 159 1
158 227 1
159 158 1
159 154 1
159 163 1
159 466 1
160 149 1
160 165 1
160 161 1
160 288 1
161 160 1
161 156 1
161 162 1
161 335 1
162 163 1
162 157 1
162 161 1
162 351 1
163 159 1
163 162 1
163 164 1
163 433 1
164 165 1
164 158 1
164 163 1
164 225 1
165 145 1
165 164 1
165 160 1
165 224 1
166 150 1
166 61 1
166 168 1
166 295 1
167 168 1
167 155 1
167 62 1
167 292 1
168 166 1
168 153 1
168 167 1
168 246 1
169 170 1
169 64 1
169 174 1
169 231 1
170 169 1
170 181 1
170 173 1
170 255 1
171 177 1
171 172 1
171 175 1
171 448 1
172 171 1
172 180 1
172 173 1
172 503 1
173 170 1
173 174 1
173 172 1
173 251 1
174 169 1
174 175 1
174 173 1
174 249 1
175 174 1
175 74 1
175 171 1
175 308 1
176 66 1
176 179 1
176 177 1
176 460 1
177 176 1
177 171 1
177 73 1
177 447 1
178 179 1
178 63 1
178 181 1
178 504 1
179 176 1
179 178 1
179 180 1
179 407 1
180 172 1
180 179 1
180 181 1
180 408 1
181 178 1
181 170 1
181 180 1
181 505 1
182 193 1
182 183 1
182 192 1
182 331 1
183 182 1
183 134 1
183 189 1
183 328 1
184 187 1
184 191 1
184 195 1
184 340 1
185 190 1
185 135 1
185 186 1
185 338 1
186 185 1
186 187 1
186 188 1
186 285 1
187 186 1
187 184 1
187 194 1
187 319 1
188 186 1
188 138 1
188 90 1
188 312 1
189 183 1
189 190 1
189 192 1
189 329 1
190 189 1
190 185 1
190 191 1
190 337 1
191 184 1
191 190 1
191 192 1
191 339 1
192 182 1
192 191 1
192 189 1
192 333 1
193 182 1
193 92 1
193 195 1
193 377 1
194 187 1
194 195 1
194 91 1
194 323 1
195 184 1
195 193 1
195 194 1
195 378 1
196 197 1
196 200 1
196 13 1
196 259 1
197 198 1
197 196 1
197 16 1
197 501 1
198 197 1
198 201 1
198 199 1
198 476 1
199 198 1
199 202 1
199 19 1
199 394 1
200 196 1
200 201 1
200 204 1
200 99 1
201 200 1
201 198 1
201 202 1
201 498 1
202 199 1
202 201 1
202 203 1
202 395 1
203 202 1
203 1 1
203 204 1
203 396 1
204 200 1
204 14 1
204 203 1
204 100 1
205 71 1
205 79 1
205 206 1
205 230 1
206 205 1
206 208 1
206 207 1
206 306 1
207 70 1
207 212 1
207 206 1
207 309 1
208 206 1
208 80 1
208 213 1
208 311 1
209 72 1
209 82 1
209 210 1
209 380 1
210 209 1
210 211 1
210 69 1
210 383 1
211 210 1
211 214 1
211 212 1
211 301 1
212 211 1
212 207 1
212 213 1
212 304 1
213 212 1
213 208 1
213 214 1
213 302 1
214 211 1
214 83 1
214 213 1
214 300 1
215 222 1
215 94 1
215 218 1
215 386 1
216 223 1
216 98 1
216 217 1
216 281 1
217 97 1
217 224 1
217 216 1
217 289 1
218 215 1
218 219 1
218 226 1
218 404 1
219 218 1
219 95 1
219 220 1
219 443 1
220 221 1
220 227 1
220 219 1
220 484 1
221 96 1
221 225 1
221 220 1
221 396 1
222 215 1
222 223 1
222 143 1
222 387 1
223 222 1
223 216 1
223 145 1
223 282 1
224 217 1
224 225 1
224 165 1
224 290 1
225 224 1
225 221 1
225 164 1
225 393 1
226 218 1
226 142 1
226 227 1
226 50 1
227 158 1
227 220 1
227 226 1
227 483 1
228 229 1
228 237 1
228 231 1
228 249 1
229 228 1
229 233 1
229 230 1
229 306 1
230 232 1
230 231 1
230 229 1
230 205 1
231 230 1
231 234 1
231 228 1
231 169 1
232 230 1
232 235 1
232 233 1
232 352 1
233 229 1
233 236 1
233 232 1
233 318 1
234 231 1
234 235 1
234 237 1
234 254 1
235 234 1
235 232 1
235 236 1
235 316 1
236 233 1
236 237 1
236 235 1
236 315 1
237 236 1
237 228 1
237 234 1
237 250 1
238 239 1
238 240 1
238 241 1
238 381 1
239 238 1
239 120 1
239 244 1
239 430 1
240 238 1
240 136 1
240 243 1
240 299 1
241 238 1
241 245 1
241 243 1
241 450 1
242 137 1
242 246 1
242 243 1
242 305 1
243 240 1
243 241 1
243 242 1
243 298 1
244 239 1
244 245 1
244 247 1
244 296 1
245 244 1
245 241 1
245 246 1
245 294 1
246 242 1
246 247 1
246 245 1
246 168 1
247 246 1
247 123 1
247 244 1
247 297 1
248 249 1
248 250 1
248 251 1
248 282 1
249 228 1
249 248 1
249 174 1
249 307 1
250 248 1
250 237 1
250 253 1
250 314 1
251 248 1
251 252 1
251 173 1
251 387 1
252 251 1
252 253 1
252 255 1
252 385 1
253 252 1
253 250 1
253 254 1
253 111 1
254 255 1
254 234 1
254 253 1
254 265 1
255 170 1
255 254 1
255 252 1
255 502 1
256 259 1
256 264 1
256 257 1
257 258 1
257 256 1
257 261 1
257 451 1
258 257 1
258 260 1
258 263 1
258 453 1
259 104 1
259 256 1
259 260 1
259 196 1
260 259 1
260 258 1
260 107 1
260 12 1
261 257 1
261 265 1
261 262 1
261 316 1
262 263 1
262 261 1
262 105 1
262 317 1
263 106 1
263 258 1
263 262 1
263 428 1
264 256 1
264 109 1
264 265 1
264 502 1
265 261 1
265 264 1
265 110 1
265 254 1
266 267 1
266 269 1
266 275 1
266 353 1
267 270 1
267 272 1
267 266 1
267 354 1
268 269 1
268 274 1
268 271 1
268 390 1
269 266 1
269 270 1
269 268 1
269 388 1
270 271 1
270 267 1
270 269 1
270 432 1
271 270 1
271 273 1
271 268 1
271 434 1
272 267 1
272 273 1
272 275 1
272 359 1
273 272 1
273 271 1
273 274 1
273 475 1
274 275 1
274 268 1
274 273 1
274 394 1
275 266 1
275 274 1
275 272 1
275 18 1
276 279 1
276 277 1
276 280 1
276 310 1
277 276 1
277 278 1
277 283 1
277 318 1
278 277 1
278 281 1
278 284 1
278 315 1
279 276 1
279 282 1
279 147 1
279 307 1
280 276 1
280 285 1
280 149 1
280 312 1
281 278 1
281 282 1
281 216 1
281 314 1
282 281 1
282 279 1
282 223 1
282 248 1
283 277 1
283 286 1
283 284 1
283 322 1
284 278 1
284 289 1
284 283 1
284 429 1
285 286 1
285 280 1
285 288 1
285 186 1
286 283 1
286 285 1
286 287 1
286 319 1
287 288 1
287 290 1
287 286 1
287 343 1
288 285 1
288 160 1
288 287 1
288 335 1
289 284 1
289 217 1
289 290 1
289 427 1
290 224 1
290 287 1
290 289 1
290 11 1
291 57 1
291 296 1
291 292 1
291 415 1
292 291 1
292 167 1
292 297 1
292 426 1
293 56 1
293 294 1
293 295 1
293 460 1
294 293 1
294 245 1
294 295 1
294 449 1
295 166 1
295 294 1
295 293 1
295 445 1
296 244 1
296 291 1
296 297 1
296 431 1
297 247 1
297 292 1
297 296 1
297 126 1
298 243 1
298 304 1
298 301 1
298 450 1
299 300 1
299 240 1
299 301 1
299 382 1
300 299 1
300 140 1
300 214 1
300 84 1
301 298 1
301 299 1
301 211 1
301 383 1
302 139 1
302 213 1
302 303 1
302 312 1
303 304 1
303 305 1
303 302 1
303 151 1
304 298 1
304 303 1
304 212 1
304 313 1
305 303 1
305 242 1
305 131 1
305 153 1
306 206 1
306 307 1
306 310 1
306 229 1
307 306 1
307 308 1
307 279 1
307 249 1
308 307 1
308 309 1
308 148 1
308 175 1
309 308 1
309 207 1
309 313 1
309 75 1
310 276 1
310 306 1
310 311 1
310 318 1
311 208 1
311 310 1
311 312 1
311 78 1
312 302 1
312 280 1
312 311 1
312 188 1
313 309 1
313 152 1
313 304 1
313 446 1
314 101 1
314 315 1
314 250 1
314 281 1
315 314 1
315 317 1
315 236 1
315 278 1
316 235 1
316 261 1
316 317 1
316 452 1
317 315 1
317 262 1
317 316 1
317 429 1
318 320 1
318 310 1
318 277 1
318 233 1
319 187 1
319 286 1
319 321 1
319 334 1
320 318 1
320 88 1
320 322 1
320 352 1
321 319 1
321 323 1
321 322 1
321 479 1
322 320 1
322 283 1
322 321 1
322 455 1
323 321 1
323 194 1
323 87 1
323 425 1
324 331 1
324 327 1
324 326 1
324 491 1
325 330 1
325 333 1
325 326 1
325 440 1
326 325 1
326 324 1
326 332 1
326 495 1
327 324 1
327 328 1
327 330 1
327 463 1
328 327 1
328 183 1
328 329 1
328 127 1
329 330 1
329 189 1
329 328 1
329 346 1
330 329 1
330 325 1
330 327 1
330 360 1
331 324 1
331 182 1
331 332 1
331 375 1
332 326 1
332 331 1
332 333 1
332 376 1
333 325 1
333 192 1
333 332 1
333 374 1
334 319 1
334 344 1
334 340 1
334 477 1
335 338 1
335 288 1
335 336 1
335 161 1
336 337 1
336 342 1
336 335 1
336 348 1
337 336 1
337 190 1
337 338 1
337 346 1
338 185 1
338 335 1
338 337 1
338 129 1
339 191 1
339 341 1
339 340 1
339 374 1
340 184 1
340 334 1
340 339 1
340 372 1
341 339 1
341 342 1
341 344 1
341 442 1
342 341 1
342 336 1
342 343 1
342 421 1
343 287 1
343 344 1
343 342 1
343 10 1
344 343 1
344 334 1
344 341 1
344 478 1
345 350 1
345 132 1
345 347 1
345 363 1
346 347 1
346 128 1
346 337 1
346 329 1
347 348 1
347 345 1
347 346 1
347 360 1
348 347 1
348 351 1
348 336 1
348 365 1
349 350 1
349 133 1
349 157 1
349 397 1
350 349 1
350 345 1
350 351 1
350 20 1
351 350 1
351 348 1
351 162 1
351 367 1
352 232 1
352 85 1
352 320 1
352 452 1
353 266 1
353 355 1
353 2 1
353 388 1
354 267 1
354 356 1
354 355 1
354 456 1
355 354 1
355 353 1
355 357 1
355 419 1
356 358 1
356 359 1
356 354 1
356 488 1
357 3 1
357 355 1
357 358 1
357 422 1
358 356 1
358 0 1
358 357 1
358 497 1
359 17 1
359 356 1
359 272 1
359 501 1
360 347 1
360 368 1
360 362 1
360 330 1
361 25 1
361 371 1
361 362 1
361 458 1
362 363 1
362 360 1
362 361 1
362 463 1
363 26 1
363 345 1
363 362 1
363 116 1
364 22 1
364 370 1
364 366 1
364 420 1
365 348 1
365 369 1
365 366 1
365 421 1
366 364 1
366 365 1
366 367 1
366 391 1
367 366 1
367 23 1
367 351 1
367 433 1
368 360 1
368 369 1
368 371 1
368 440 1
369 368 1
369 365 1
369 370 1
369 422 1
370 364 1
370 371 1
370 369 1
370 419 1
371 370 1
371 361 1
371 368 1
371 457 1
372 373 1
372 378 1
372 340 1
372 477 1
373 372 1
373 376 1
373 374 1
373 480 1
374 373 1
374 339 1
374 333 1
374 442 1
375 331 1
375 377 1
375 376 1
375 500 1
376 373 1
376 375 1
376 332 1
376 489 1
377 193 1
377 375 1
377 378 1
377 423 1
378 377 1
378 372 1
378 195 1
378 425 1
379 380 1
379 381 1
379 67 1
380 379 1
380 382 1
380 209 1
380 81 1
381 382 1
381 379 1
381 384 1
381 238 1
382 380 1
382 381 1
382 383 1
382 299 1
383 382 1
383 210 1
383 384 1
383 301 1
384 381 1
384 68 1
384 383 1
384 450 1
385 112 1
385 386 1
385 252 1
385 444 1
386 215 1
386 385 1
386 387 1
386 402 1
387 251 1
387 222 1
387 386 1
387 503 1
388 269 1
388 391 1
388 353 1
388 420 1
389 394 1
389 395 1
389 390 1
389 474 1
390 268 1
390 392 1
390 389 1
390 436 1
391 388 1
391 392 1
391 8 1
391 366 1
392 391 1
392 390 1
392 393 1
392 433 1
393 7 1
393 396 1
393 392 1
393 225 1
394 199 1
394 389 1
394 274 1
394 476 1
395 389 1
395 202 1
395 396 1
395 499 1
396 393 1
396 203 1
396 395 1
396 221 1
397 125 1
397 349 1
397 27 1
397 426 1
398 38 1
398 407 1
398 399 1
398 459 1
399 42 1
399 398 1
399 400 1
399 461 1
400 399 1
400 402 1
400 408 1
400 503 1
401 403 1
401 405 1
401 402 1
401 444 1
402 400 1
402 404 1
402 401 1
402 386 1
403 47 1
403 401 1
403 404 1
403 443 1
404 402 1
404 51 1
404 403 1
404 218 1
405 401 1
405 406 1
405 408 1
405 505 1
406 405 1
406 37 1
406 407 1
406 504 1
407 406 1
407 398 1
407 408 1
407 179 1
408 400 1
408 407 1
408 405 1
408 180 1
409 410 1
409 412 1
409 416 1
410 409 1
410 411 1
410 413 1
410 36 1
411 412 1
411 410 1
411 414 1
411 464 1
412 409 1
412 411 1
412 417 1
412 467 1
413 410 1
413 415 1
413 414 1
413 54 1
414 413 1
414 411 1
414 418 1
414 438 1
415 413 1
415 416 1
415 418 1
415 291 1
416 415 1
416 409 1
416 417 1
416 431 1
417 416 1
417 412 1
417 418 1
417 30 1
418 417 1
418 414 1
418 415 1
418 437 1
419 420 1
419 355 1
419 370 1
419 456 1
420 419 1
420 388 1
420 364 1
420 432 1
421 422 1
421 9 1
421 365 1
421 342 1
422 369 1
422 357 1
422 421 1
422 441 1
423 77 1
423 377 1
423 424 1
424 423 1
424 425 1
424 86 1
424 451 1
425 424 1
425 378 1
425 323 1
425 479 1
426 397 1
426 155 1
426 292 1
426 437 1
427 289 1
427 102 1
427 428 1
427 6 1
428 429 1
428 427 1
428 263 1
428 453 1
429 317 1
429 284 1
429 428 1
429 455 1
430 113 1
430 239 1
430 431 1
431 430 1
431 296 1
431 124 1
431 416 1
432 21 1
432 270 1
432 420 1
432 456 1
433 367 1
433 435 1
433 392 1
433 163 1
434 271 1
434 31 1
434 436 1
434 467 1
435 28 1
435 433 1
435 436 1
435 466 1
436 390 1
436 435 1
436 434 1
436 472 1
437 426 1
437 418 1
437 439 1
437 29 1
438 439 1
438 55 1
438 414 1
438 465 1
439 154 1
439 438 1
439 437 1
439 466 1
440 325 1
440 441 1
440 368 1
440 494 1
441 440 1
441 442 1
441 422 1
441 497 1
442 441 1
442 374 1
442 341 1
442 480 1
443 93 1
443 403 1
443 219 1
443 482 1
444 108 1
444 401 1
444 385 1
444 502 1
445 447 1
445 150 1
445 446 1
445 295 1
446 445 1
446 76 1
446 313 1
446 449 1
447 448 1
447 445 1
447 177 1
447 460 1
448 447 1
448 146 1
448 171 1
448 462 1
449 65 1
449 450 1
449 446 1
449 294 1
450 384 1
450 449 1
450 298 1
450 241 1
451 257 1
451 454 1
451 452 1
451 424 1
452 451 1
452 316 1
452 455 1
452 352 1
453 258 1
453 454 1
453 428 1
453 5 1
454 453 1
454 451 1
454 455 1
454 479 1
455 429 1
455 452 1
455 454 1
455 322 1
456 457 1
456 432 1
456 419 1
456 354 1
457 456 1
457 458 1
457 371 1
457 493 1
458 24 1
458 457 1
458 361 1
458 496 1
459 52 1
459 460 1
459 461 1
459 398 1
460 459 1
460 293 1
460 447 1
460 176 1
461 53 1
461 459 1
461 462 1
461 399 1
462 448 1
462 461 1
462 144 1
462 503 1
463 327 1
463 115 1
463 362 1
463 496 1
464 411 1
464 45 1
464 465 1
464 470 1
465 438 1
465 46 1
465 464 1
465 468 1
466 435 1
466 159 1
466 439 1
466 468 1
467 412 1
467 469 1
467 434 1
467 475 1
468 465 1
468 471 1
468 466 1
468 483 1
469 467 1
469 470 1
469 472 1
469 473 1
470 469 1
470 464 1
470 471 1
470 481 1
471 468 1
471 470 1
471 472 1
471 485 1
472 469 1
472 436 1
472 471 1
472 474 1
473 476 1
473 469 1
473 474 1
473 498 1
474 473 1
474 389 1
474 472 1
474 499 1
475 476 1
475 467 1
475 273 1
475 501 1
476 475 1
476 473 1
476 394 1
476 198 1
477 478 1
477 479 1
477 334 1
477 372 1
478 4 1
478 477 1
478 344 1
478 480 1
479 477 1
479 454 1
479 321 1
479 425 1
480 373 1
480 478 1
480 442 1
480 497 1
481 48 1
481 482 1
481 485 1
481 470 1
482 481 1
482 443 1
482 484 1
482 498 1
483 49 1
483 485 1
483 227 1
483 468 1
484 482 1
484 485 1
484 220 1
484 499 1
485 483 1
485 481 1
485 484 1
485 471 1
486 492 1
486 491 1
486 487 1
486 500 1
487 488 1
487 489 1
487 486 1
487 500 1
488 487 1
488 490 1
488 493 1
488 356 1
489 487 1
489 490 1
489 495 1
489 376 1
490 489 1
490 488 1
490 494 1
490 497 1
491 492 1
491 486 1
491 495 1
491 324 1
492 486 1
492 491 1
492 493 1
492 496 1
493 488 1
493 492 1
493 494 1
493 457 1
494 490 1
494 493 1
494 495 1
494 440 1
495 491 1
495 489 1
495 494 1
495 326 1
496 463 1
496 114 1
496 458 1
496 492 1
497 358 1
497 480 1
497 441 1
497 490 1
498 482 1
498 201 1
498 499 1
498 473 1
499 498 1
499 395 1
499 484 1
499 474 1
500 486 1
500 375 1
500 487 1
501 197 1
501 475 1
501 359 1
502 444 1
502 264 1
502 255 1
502 505 1
503 400 1
503 462 1
503 172 1
503 387 1
504 505 1
504 406 1
504 178 1
505 504 1
505 405 1
505 181 1
505 502 1
