0 1 1
0 6 1
0 7 1
0 8 1
0 624 1
0 913 1
1 0 1
1 2 1
1 8 1
1 913 1
1 883 1
1 26 1
2 1 1
2 3 1
2 494 1
2 883 1
2 26 1
2 27 1
3 2 1
3 4 1
3 494 1
3 24 1
3 27 1
3 316 1
4 3 1
4 5 1
4 24 1
4 25 1
4 315 1
4 316 1
5 4 1
5 6 1
5 625 1
5 23 1
5 25 1
5 315 1
6 0 1
6 5 1
6 7 1
6 624 1
6 625 1
6 23 1
7 0 1
7 6 1
7 10 1
7 624 1
7 22 1
7 634 1
8 0 1
8 1 1
8 9 1
8 913 1
8 853 1
8 29 1
9 8 1
9 10 1
9 853 1
9 758 1
9 28 1
9 29 1
10 7 1
10 9 1
10 758 1
10 22 1
10 634 1
10 28 1
11 706 1
11 324 1
11 12 1
11 16 1
11 17 1
11 21 1
12 705 1
12 706 1
12 11 1
12 13 1
12 17 1
12 28 1
13 705 1
13 12 1
13 14 1
13 22 1
13 633 1
13 28 1
14 13 1
14 15 1
14 22 1
14 23 1
14 633 1
14 636 1
15 322 1
15 14 1
15 16 1
15 23 1
15 25 1
15 636 1
16 322 1
16 324 1
16 11 1
16 15 1
16 21 1
16 25 1
17 706 1
17 11 1
17 12 1
17 18 1
17 851 1
17 29 1
18 872 1
18 17 1
18 19 1
18 851 1
18 26 1
18 29 1
19 872 1
19 495 1
19 18 1
19 20 1
19 26 1
19 27 1
20 495 1
20 19 1
20 21 1
20 24 1
20 27 1
20 318 1
21 324 1
21 11 1
21 16 1
21 20 1
21 24 1
21 318 1
22 7 1
22 10 1
22 13 1
22 14 1
22 633 1
22 634 1
23 5 1
23 6 1
23 14 1
23 15 1
23 625 1
23 636 1
24 3 1
24 4 1
24 20 1
24 21 1
24 316 1
24 318 1
25 322 1
25 4 1
25 5 1
25 15 1
25 16 1
25 315 1
26 1 1
26 2 1
26 872 1
26 18 1
26 883 1
26 19 1
27 2 1
27 3 1
27 494 1
27 495 1
27 19 1
27 20 1
28 705 1
28 9 1
28 10 1
28 12 1
28 13 1
28 758 1
29 8 1
29 9 1
29 17 1
29 18 1
29 851 1
29 853 1
30 31 1
30 35 1
30 36 1
30 38 1
30 786 1
30 856 1
31 32 1
31 36 1
31 786 1
31 50 1
31 789 1
31 30 1
32 31 1
32 33 1
32 50 1
32 52 1
32 789 1
32 894 1
33 32 1
33 34 1
33 180 1
33 52 1
33 53 1
33 894 1
34 33 1
34 35 1
34 179 1
34 180 1
34 53 1
34 51 1
35 34 1
35 38 1
35 179 1
35 51 1
35 856 1
35 30 1
36 31 1
36 639 1
36 37 1
36 48 1
36 786 1
36 30 1
37 639 1
37 36 1
37 38 1
37 48 1
37 49 1
37 638 1
38 35 1
38 37 1
38 49 1
38 856 1
38 30 1
38 638 1
39 645 1
39 40 1
39 43 1
39 44 1
39 716 1
39 47 1
40 645 1
40 39 1
40 41 1
40 44 1
40 48 1
40 659 1
41 40 1
41 42 1
41 48 1
41 50 1
41 659 1
41 792 1
42 41 1
42 43 1
42 50 1
42 52 1
42 792 1
42 888 1
43 39 1
43 42 1
43 716 1
43 47 1
43 52 1
43 888 1
44 643 1
44 645 1
44 39 1
44 40 1
44 45 1
44 49 1
45 643 1
45 44 1
45 46 1
45 49 1
45 51 1
45 185 1
46 45 1
46 47 1
46 51 1
46 53 1
46 184 1
46 185 1
47 39 1
47 43 1
47 716 1
47 46 1
47 53 1
47 184 1
48 639 1
48 36 1
48 37 1
48 40 1
48 41 1
48 659 1
49 643 1
49 37 1
49 38 1
49 44 1
49 45 1
49 638 1
50 31 1
50 32 1
50 41 1
50 42 1
50 789 1
50 792 1
51 34 1
51 35 1
51 45 1
51 46 1
51 179 1
51 185 1
52 32 1
52 33 1
52 42 1
52 43 1
52 888 1
52 894 1
53 33 1
53 34 1
53 46 1
53 47 1
53 180 1
53 184 1
54 877 1
54 721 1
54 55 1
54 58 1
54 59 1
54 62 1
55 68 1
55 877 1
55 879 1
55 54 1
55 56 1
55 62 1
56 68 1
56 77 1
56 879 1
56 55 1
56 57 1
56 925 1
57 70 1
57 717 1
57 77 1
57 56 1
57 58 1
57 925 1
58 70 1
58 717 1
58 721 1
58 54 1
58 57 1
58 59 1
59 65 1
59 721 1
59 722 1
59 54 1
59 58 1
59 60 1
60 63 1
60 65 1
60 79 1
60 722 1
60 59 1
60 61 1
61 63 1
61 66 1
61 78 1
61 79 1
61 60 1
61 62 1
62 66 1
62 877 1
62 78 1
62 54 1
62 55 1
62 61 1
63 64 1
63 75 1
63 79 1
63 84 1
63 60 1
63 61 1
64 63 1
64 65 1
64 69 1
64 75 1
64 84 1
64 725 1
65 64 1
65 69 1
65 722 1
65 725 1
65 59 1
65 60 1
66 67 1
66 71 1
66 78 1
66 88 1
66 61 1
66 62 1
67 66 1
67 68 1
67 71 1
67 72 1
67 881 1
67 88 1
68 67 1
68 72 1
68 879 1
68 881 1
68 55 1
68 56 1
69 64 1
69 65 1
69 70 1
69 76 1
69 725 1
69 730 1
70 69 1
70 76 1
70 717 1
70 57 1
70 58 1
70 730 1
71 66 1
71 67 1
71 74 1
71 75 1
71 88 1
71 91 1
72 928 1
72 67 1
72 68 1
72 73 1
72 77 1
72 881 1
73 928 1
73 931 1
73 72 1
73 74 1
73 76 1
73 77 1
74 931 1
74 71 1
74 73 1
74 75 1
74 76 1
74 91 1
75 63 1
75 64 1
75 71 1
75 74 1
75 84 1
75 91 1
76 931 1
76 69 1
76 70 1
76 73 1
76 74 1
76 730 1
77 928 1
77 72 1
77 73 1
77 56 1
77 57 1
77 925 1
78 799 1
78 66 1
78 82 1
78 92 1
78 61 1
78 62 1
79 63 1
79 80 1
79 861 1
79 83 1
79 60 1
79 61 1
80 79 1
80 81 1
80 83 1
80 87 1
80 861 1
80 478 1
81 80 1
81 82 1
81 94 1
81 87 1
81 477 1
81 478 1
82 799 1
82 78 1
82 81 1
82 92 1
82 477 1
82 94 1
83 864 1
83 79 1
83 80 1
83 84 1
83 85 1
83 861 1
84 63 1
84 64 1
84 864 1
84 75 1
84 83 1
84 85 1
85 95 1
85 864 1
85 83 1
85 84 1
85 86 1
85 220 1
86 95 1
86 96 1
86 224 1
86 85 1
86 87 1
86 220 1
87 224 1
87 96 1
87 80 1
87 81 1
87 86 1
87 478 1
88 802 1
88 66 1
88 67 1
88 71 1
88 89 1
88 92 1
89 802 1
89 231 1
89 88 1
89 90 1
89 92 1
89 93 1
90 95 1
90 231 1
90 232 1
90 89 1
90 91 1
90 93 1
91 95 1
91 71 1
91 232 1
91 74 1
91 75 1
91 90 1
92 799 1
92 802 1
92 78 1
92 82 1
92 88 1
92 89 1
93 96 1
93 260 1
93 231 1
93 89 1
93 90 1
93 94 1
94 96 1
94 260 1
94 81 1
94 82 1
94 93 1
94 477 1
95 232 1
95 85 1
95 86 1
95 90 1
95 91 1
95 220 1
96 224 1
96 260 1
96 86 1
96 87 1
96 93 1
96 94 1
97 834 1
97 98 1
97 101 1
97 263 1
97 110 1
97 114 1
98 97 1
98 99 1
98 102 1
98 263 1
98 266 1
98 114 1
99 98 1
99 100 1
99 102 1
99 679 1
99 105 1
99 266 1
100 99 1
100 101 1
100 679 1
100 681 1
100 105 1
100 106 1
101 97 1
101 834 1
101 100 1
101 681 1
101 106 1
101 110 1
102 98 1
102 99 1
102 103 1
102 266 1
102 268 1
102 112 1
103 102 1
103 327 1
103 104 1
103 268 1
103 111 1
103 112 1
104 326 1
104 103 1
104 327 1
104 105 1
104 111 1
104 117 1
105 99 1
105 100 1
105 326 1
105 679 1
105 104 1
105 117 1
106 100 1
106 101 1
106 681 1
106 107 1
106 335 1
106 117 1
107 106 1
107 108 1
107 334 1
107 335 1
107 111 1
107 117 1
108 107 1
108 109 1
108 334 1
108 111 1
108 113 1
108 536 1
109 831 1
109 108 1
109 110 1
109 113 1
109 116 1
109 536 1
110 831 1
110 97 1
110 834 1
110 101 1
110 109 1
110 116 1
111 103 1
111 104 1
111 327 1
111 107 1
111 108 1
111 334 1
112 102 1
112 103 1
112 268 1
112 113 1
112 115 1
112 278 1
113 108 1
113 109 1
113 112 1
113 115 1
113 278 1
113 536 1
114 97 1
114 98 1
114 263 1
114 115 1
114 116 1
114 280 1
115 112 1
115 113 1
115 114 1
115 116 1
115 278 1
115 280 1
116 831 1
116 109 1
116 110 1
116 114 1
116 115 1
116 280 1
117 326 1
117 104 1
117 105 1
117 106 1
117 107 1
117 335 1
118 130 1
118 1004 1
118 119 1
118 122 1
118 123 1
118 989 1
119 127 1
119 1004 1
119 118 1
119 120 1
119 762 1
119 123 1
120 127 1
120 289 1
120 138 1
120 119 1
120 121 1
120 762 1
121 288 1
121 289 1
121 131 1
121 138 1
121 120 1
121 122 1
122 288 1
122 130 1
122 131 1
122 118 1
122 121 1
122 989 1
123 329 1
123 1004 1
123 141 1
123 118 1
123 119 1
123 124 1
124 133 1
124 328 1
124 329 1
124 141 1
124 123 1
124 125 1
125 133 1
125 134 1
125 328 1
125 620 1
125 124 1
125 126 1
126 127 1
126 767 1
126 134 1
126 136 1
126 620 1
126 125 1
127 767 1
127 136 1
127 119 1
127 120 1
127 762 1
127 126 1
128 129 1
128 132 1
128 133 1
128 550 1
128 135 1
128 340 1
129 128 1
129 130 1
129 133 1
129 333 1
129 141 1
129 340 1
130 129 1
130 333 1
130 141 1
130 118 1
130 122 1
130 989 1
131 288 1
131 132 1
131 140 1
131 308 1
131 121 1
131 122 1
132 128 1
132 131 1
132 550 1
132 135 1
132 140 1
132 308 1
133 128 1
133 129 1
133 328 1
133 340 1
133 124 1
133 125 1
134 135 1
134 551 1
134 139 1
134 620 1
134 125 1
134 126 1
135 128 1
135 132 1
135 550 1
135 551 1
135 134 1
135 139 1
136 127 1
136 767 1
136 137 1
136 139 1
136 563 1
136 126 1
137 136 1
137 138 1
137 139 1
137 140 1
137 563 1
137 309 1
138 289 1
138 137 1
138 140 1
138 309 1
138 120 1
138 121 1
139 134 1
139 135 1
139 136 1
139 137 1
139 551 1
139 563 1
140 131 1
140 132 1
140 137 1
140 138 1
140 308 1
140 309 1
141 129 1
141 130 1
141 329 1
141 333 1
141 123 1
141 124 1
142 162 1
142 492 1
142 143 1
142 817 1
142 146 1
142 154 1
143 418 1
143 162 1
143 167 1
143 492 1
143 142 1
143 144 1
144 418 1
144 421 1
144 167 1
144 171 1
144 143 1
144 145 1
145 421 1
145 171 1
145 144 1
145 818 1
145 146 1
145 155 1
146 142 1
146 817 1
146 818 1
146 145 1
146 154 1
146 155 1
147 148 1
147 152 1
147 348 1
147 540 1
147 157 1
147 158 1
148 351 1
148 163 1
148 147 1
148 149 1
148 348 1
148 157 1
149 351 1
149 163 1
149 164 1
149 777 1
149 148 1
149 150 1
150 164 1
150 777 1
150 170 1
150 430 1
150 149 1
150 151 1
151 168 1
151 170 1
151 430 1
151 434 1
151 150 1
151 152 1
152 168 1
152 434 1
152 147 1
152 151 1
152 540 1
152 158 1
153 160 1
153 157 1
153 364 1
153 154 1
153 156 1
153 349 1
154 160 1
154 364 1
154 142 1
154 817 1
154 146 1
154 153 1
155 159 1
155 145 1
155 818 1
155 146 1
155 690 1
155 156 1
156 159 1
156 690 1
156 153 1
156 157 1
156 155 1
156 349 1
157 147 1
157 148 1
157 156 1
157 153 1
157 348 1
157 349 1
158 159 1
158 545 1
158 169 1
158 147 1
158 152 1
158 540 1
159 545 1
159 169 1
159 690 1
159 155 1
159 156 1
159 158 1
160 161 1
160 163 1
160 364 1
160 153 1
160 154 1
160 350 1
161 160 1
161 162 1
161 163 1
161 165 1
161 496 1
161 350 1
162 161 1
162 165 1
162 492 1
162 142 1
162 143 1
162 496 1
163 351 1
163 160 1
163 161 1
163 148 1
163 149 1
163 350 1
164 165 1
164 166 1
164 777 1
164 495 1
164 149 1
164 150 1
165 161 1
165 162 1
165 164 1
165 166 1
165 495 1
165 496 1
166 164 1
166 165 1
166 167 1
166 170 1
166 429 1
166 495 1
167 418 1
167 166 1
167 170 1
167 429 1
167 143 1
167 144 1
168 169 1
168 171 1
168 434 1
168 435 1
168 151 1
168 152 1
169 159 1
169 545 1
169 168 1
169 171 1
169 435 1
169 158 1
170 166 1
170 167 1
170 429 1
170 430 1
170 150 1
170 151 1
171 421 1
171 168 1
171 169 1
171 144 1
171 145 1
171 435 1
172 196 1
172 875 1
172 173 1
172 177 1
172 189 1
172 190 1
173 875 1
173 172 1
173 174 1
173 179 1
173 955 1
173 189 1
174 781 1
174 173 1
174 175 1
174 178 1
174 179 1
174 955 1
175 388 1
175 781 1
175 174 1
175 176 1
175 178 1
175 186 1
176 194 1
176 388 1
176 197 1
176 175 1
176 177 1
176 186 1
177 194 1
177 196 1
177 197 1
177 172 1
177 176 1
177 190 1
178 781 1
178 174 1
178 175 1
178 785 1
178 180 1
178 188 1
179 34 1
179 35 1
179 173 1
179 174 1
179 51 1
179 955 1
180 33 1
180 34 1
180 785 1
180 178 1
180 53 1
180 188 1
181 713 1
181 210 1
181 182 1
181 185 1
181 189 1
181 190 1
182 192 1
182 210 1
182 181 1
182 183 1
182 217 1
182 190 1
183 192 1
183 193 1
183 714 1
183 182 1
183 184 1
183 217 1
184 193 1
184 714 1
184 46 1
184 47 1
184 53 1
184 183 1
185 713 1
185 45 1
185 46 1
185 51 1
185 181 1
185 189 1
186 191 1
186 388 1
186 398 1
186 175 1
186 176 1
186 187 1
187 191 1
187 193 1
187 772 1
187 398 1
187 186 1
187 188 1
188 193 1
188 772 1
188 785 1
188 178 1
188 180 1
188 187 1
189 713 1
189 875 1
189 172 1
189 173 1
189 181 1
189 185 1
190 196 1
190 172 1
190 177 1
190 210 1
190 181 1
190 182 1
191 192 1
191 194 1
191 218 1
191 398 1
191 186 1
191 187 1
192 191 1
192 194 1
192 182 1
192 183 1
192 217 1
192 218 1
193 772 1
193 714 1
193 183 1
193 184 1
193 187 1
193 188 1
194 191 1
194 192 1
194 197 1
194 176 1
194 177 1
194 218 1
195 287 1
195 196 1
195 200 1
195 201 1
195 873 1
195 204 1
196 195 1
196 201 1
196 873 1
196 172 1
196 177 1
196 190 1
197 194 1
197 387 1
197 198 1
197 205 1
197 176 1
197 177 1
198 387 1
198 197 1
198 199 1
198 205 1
198 208 1
198 498 1
199 288 1
199 198 1
199 200 1
199 208 1
199 498 1
199 219 1
200 287 1
200 288 1
200 195 1
200 199 1
200 204 1
200 219 1
201 195 1
201 196 1
201 614 1
201 873 1
201 202 1
201 209 1
202 614 1
202 201 1
202 203 1
202 209 1
202 211 1
202 602 1
203 293 1
203 202 1
203 204 1
203 211 1
203 215 1
203 602 1
204 287 1
204 195 1
204 293 1
204 200 1
204 203 1
204 215 1
205 387 1
205 197 1
205 198 1
205 395 1
205 206 1
205 218 1
206 513 1
206 395 1
206 205 1
206 207 1
206 214 1
206 218 1
207 513 1
207 206 1
207 208 1
207 500 1
207 214 1
207 216 1
208 198 1
208 199 1
208 207 1
208 498 1
208 500 1
208 216 1
209 607 1
209 614 1
209 201 1
209 202 1
209 210 1
209 213 1
210 607 1
210 209 1
210 181 1
210 182 1
210 213 1
210 190 1
211 202 1
211 203 1
211 212 1
211 214 1
211 601 1
211 602 1
212 608 1
212 217 1
212 211 1
212 213 1
212 214 1
212 601 1
213 607 1
213 608 1
213 209 1
213 210 1
213 212 1
213 217 1
214 513 1
214 206 1
214 207 1
214 211 1
214 212 1
214 601 1
215 293 1
215 203 1
215 204 1
215 307 1
215 216 1
215 219 1
216 207 1
216 208 1
216 307 1
216 500 1
216 215 1
216 219 1
217 192 1
217 608 1
217 212 1
217 213 1
217 182 1
217 183 1
218 191 1
218 192 1
218 194 1
218 395 1
218 205 1
218 206 1
219 288 1
219 199 1
219 200 1
219 307 1
219 215 1
219 216 1
220 95 1
220 870 1
220 235 1
220 85 1
220 86 1
220 221 1
221 870 1
221 235 1
221 236 1
221 220 1
221 828 1
221 222 1
222 223 1
222 236 1
222 247 1
222 827 1
222 828 1
222 221 1
223 255 1
223 224 1
223 486 1
223 247 1
223 827 1
223 222 1
224 255 1
224 96 1
224 223 1
224 486 1
224 86 1
224 87 1
225 226 1
225 230 1
225 232 1
225 233 1
225 360 1
225 367 1
226 225 1
226 227 1
226 232 1
226 235 1
226 365 1
226 367 1
227 226 1
227 355 1
227 228 1
227 235 1
227 365 1
227 238 1
228 355 1
228 227 1
228 229 1
228 357 1
228 238 1
228 246 1
229 228 1
229 357 1
229 262 1
229 359 1
229 230 1
229 246 1
230 225 1
230 229 1
230 262 1
230 359 1
230 360 1
230 233 1
231 800 1
231 234 1
231 240 1
231 89 1
231 90 1
231 93 1
232 95 1
232 225 1
232 226 1
232 367 1
232 90 1
232 91 1
233 225 1
233 230 1
233 360 1
233 234 1
233 241 1
233 886 1
234 800 1
234 231 1
234 233 1
234 240 1
234 241 1
234 886 1
235 226 1
235 227 1
235 870 1
235 365 1
235 220 1
235 221 1
236 520 1
236 237 1
236 248 1
236 828 1
236 221 1
236 222 1
237 520 1
237 236 1
237 238 1
237 466 1
237 244 1
237 248 1
238 227 1
238 355 1
238 228 1
238 237 1
238 466 1
238 244 1
239 257 1
239 770 1
239 259 1
239 616 1
239 240 1
239 243 1
240 800 1
240 770 1
240 259 1
240 231 1
240 234 1
240 239 1
241 262 1
241 233 1
241 234 1
241 242 1
241 852 1
241 886 1
242 261 1
242 262 1
242 618 1
242 241 1
242 243 1
242 852 1
243 257 1
243 261 1
243 616 1
243 618 1
243 239 1
243 242 1
244 237 1
244 238 1
244 466 1
244 467 1
244 245 1
244 251 1
245 467 1
245 244 1
245 246 1
245 471 1
245 251 1
245 252 1
246 228 1
246 357 1
246 229 1
246 245 1
246 471 1
246 252 1
247 223 1
247 254 1
247 521 1
247 248 1
247 827 1
247 222 1
248 520 1
248 521 1
248 236 1
248 237 1
248 247 1
248 254 1
249 256 1
249 257 1
249 601 1
249 250 1
249 604 1
249 253 1
250 256 1
250 529 1
250 249 1
250 251 1
250 604 1
250 254 1
251 529 1
251 467 1
251 244 1
251 245 1
251 250 1
251 254 1
252 261 1
252 245 1
252 246 1
252 471 1
252 603 1
252 253 1
253 257 1
253 261 1
253 601 1
253 249 1
253 603 1
253 252 1
254 521 1
254 529 1
254 247 1
254 248 1
254 250 1
254 251 1
255 223 1
255 224 1
255 256 1
255 258 1
255 485 1
255 486 1
256 255 1
256 258 1
256 485 1
256 249 1
256 250 1
256 604 1
257 616 1
257 239 1
257 243 1
257 601 1
257 249 1
257 253 1
258 255 1
258 256 1
258 259 1
258 484 1
258 260 1
258 485 1
259 770 1
259 258 1
259 484 1
259 260 1
259 239 1
259 240 1
260 96 1
260 258 1
260 259 1
260 484 1
260 93 1
260 94 1
261 618 1
261 242 1
261 243 1
261 603 1
261 252 1
261 253 1
262 229 1
262 230 1
262 359 1
262 241 1
262 242 1
262 852 1
263 97 1
263 98 1
263 902 1
263 264 1
263 271 1
263 114 1
264 902 1
264 263 1
264 265 1
264 271 1
264 275 1
264 990 1
265 1000 1
265 264 1
265 266 1
265 269 1
265 275 1
265 990 1
266 98 1
266 99 1
266 102 1
266 1000 1
266 265 1
266 269 1
267 268 1
267 270 1
267 402 1
267 403 1
267 276 1
267 281 1
268 102 1
268 103 1
268 267 1
268 112 1
268 402 1
268 276 1
269 1000 1
269 1001 1
269 265 1
269 266 1
269 270 1
269 284 1
270 1001 1
270 267 1
270 269 1
270 403 1
270 281 1
270 284 1
271 902 1
271 263 1
271 264 1
271 272 1
271 280 1
271 830 1
272 832 1
272 271 1
272 273 1
272 279 1
272 280 1
272 830 1
273 832 1
273 993 1
273 272 1
273 274 1
273 279 1
273 283 1
274 993 1
274 994 1
274 273 1
274 275 1
274 283 1
274 284 1
275 994 1
275 264 1
275 265 1
275 274 1
275 284 1
275 990 1
276 267 1
276 268 1
276 402 1
276 277 1
276 282 1
276 414 1
277 535 1
277 276 1
277 278 1
277 279 1
277 282 1
277 414 1
278 535 1
278 112 1
278 113 1
278 115 1
278 277 1
278 279 1
279 832 1
279 272 1
279 273 1
279 277 1
279 278 1
279 535 1
280 271 1
280 272 1
280 114 1
280 115 1
280 116 1
280 830 1
281 415 1
281 267 1
281 270 1
281 403 1
281 282 1
281 283 1
282 415 1
282 276 1
282 277 1
282 281 1
282 283 1
282 414 1
283 415 1
283 993 1
283 273 1
283 274 1
283 281 1
283 282 1
284 994 1
284 1001 1
284 269 1
284 270 1
284 274 1
284 275 1
285 289 1
285 299 1
285 302 1
285 662 1
285 568 1
285 286 1
286 287 1
286 290 1
286 299 1
286 567 1
286 568 1
286 285 1
287 290 1
287 195 1
287 200 1
287 204 1
287 567 1
287 286 1
288 131 1
288 199 1
288 200 1
288 121 1
288 122 1
288 219 1
289 138 1
289 302 1
289 662 1
289 120 1
289 121 1
289 285 1
290 287 1
290 291 1
290 303 1
290 567 1
290 573 1
290 286 1
291 290 1
291 292 1
291 582 1
291 298 1
291 303 1
291 573 1
292 291 1
292 293 1
292 294 1
292 582 1
292 298 1
292 587 1
293 292 1
293 294 1
293 203 1
293 204 1
293 587 1
293 215 1
294 292 1
294 293 1
294 295 1
294 552 1
294 587 1
294 306 1
295 294 1
295 552 1
295 553 1
295 296 1
295 304 1
295 306 1
296 295 1
296 297 1
296 553 1
296 301 1
296 304 1
296 596 1
297 583 1
297 296 1
297 298 1
297 300 1
297 301 1
297 596 1
298 291 1
298 292 1
298 582 1
298 583 1
298 297 1
298 300 1
299 300 1
299 303 1
299 568 1
299 572 1
299 285 1
299 286 1
300 583 1
300 297 1
300 298 1
300 299 1
300 303 1
300 572 1
301 672 1
301 296 1
301 297 1
301 302 1
301 305 1
301 596 1
302 672 1
302 289 1
302 301 1
302 305 1
302 662 1
302 285 1
303 290 1
303 291 1
303 299 1
303 300 1
303 572 1
303 573 1
304 295 1
304 296 1
304 553 1
304 305 1
304 561 1
304 309 1
305 672 1
305 301 1
305 302 1
305 304 1
305 561 1
305 309 1
306 294 1
306 295 1
306 552 1
306 558 1
306 307 1
306 308 1
307 558 1
307 306 1
307 308 1
307 215 1
307 216 1
307 219 1
308 131 1
308 132 1
308 140 1
308 558 1
308 306 1
308 307 1
309 137 1
309 138 1
309 140 1
309 304 1
309 305 1
309 561 1
310 319 1
310 983 1
310 982 1
310 311 1
310 314 1
310 315 1
311 493 1
311 310 1
311 982 1
311 312 1
311 315 1
311 316 1
312 492 1
312 493 1
312 311 1
312 313 1
312 316 1
312 317 1
313 961 1
313 321 1
313 492 1
313 312 1
313 314 1
313 317 1
314 319 1
314 961 1
314 321 1
314 310 1
314 983 1
314 313 1
315 4 1
315 5 1
315 982 1
315 311 1
315 25 1
315 310 1
316 3 1
316 4 1
316 312 1
316 493 1
316 311 1
316 24 1
317 325 1
317 492 1
317 496 1
317 312 1
317 313 1
317 318 1
318 325 1
318 496 1
318 20 1
318 21 1
318 24 1
318 317 1
319 320 1
319 322 1
319 695 1
319 310 1
319 983 1
319 314 1
320 319 1
320 321 1
320 322 1
320 323 1
320 695 1
320 698 1
321 320 1
321 961 1
321 323 1
321 313 1
321 314 1
321 698 1
322 319 1
322 320 1
322 15 1
322 16 1
322 695 1
322 25 1
323 320 1
323 321 1
323 324 1
323 708 1
323 325 1
323 698 1
324 323 1
324 708 1
324 325 1
324 11 1
324 16 1
324 21 1
325 323 1
325 708 1
325 324 1
325 496 1
325 317 1
325 318 1
326 104 1
326 105 1
326 330 1
326 329 1
326 682 1
326 117 1
327 103 1
327 104 1
327 328 1
327 111 1
327 338 1
327 532 1
328 133 1
328 327 1
328 338 1
328 532 1
328 124 1
328 125 1
329 326 1
329 682 1
329 330 1
329 141 1
329 123 1
329 124 1
330 326 1
330 329 1
330 682 1
330 331 1
330 684 1
330 335 1
331 511 1
331 330 1
331 684 1
331 332 1
331 335 1
331 336 1
332 511 1
332 331 1
332 333 1
332 336 1
332 502 1
332 344 1
333 129 1
333 130 1
333 332 1
333 141 1
333 502 1
333 344 1
334 518 1
334 107 1
334 108 1
334 111 1
334 337 1
334 341 1
335 330 1
335 106 1
335 107 1
335 331 1
335 684 1
335 117 1
336 511 1
336 331 1
336 332 1
336 337 1
336 342 1
336 510 1
337 518 1
337 334 1
337 336 1
337 341 1
337 342 1
337 510 1
338 514 1
338 327 1
338 328 1
338 339 1
338 532 1
338 341 1
339 514 1
339 525 1
339 338 1
339 340 1
339 341 1
339 343 1
340 128 1
340 129 1
340 133 1
340 525 1
340 339 1
340 343 1
341 514 1
341 518 1
341 334 1
341 337 1
341 338 1
341 339 1
342 336 1
342 337 1
342 501 1
342 343 1
342 344 1
342 510 1
343 525 1
343 339 1
343 340 1
343 501 1
343 342 1
343 344 1
344 502 1
344 332 1
344 333 1
344 501 1
344 342 1
344 343 1
345 362 1
345 365 1
345 688 1
345 691 1
345 346 1
345 349 1
346 355 1
346 365 1
346 688 1
346 469 1
346 345 1
346 347 1
347 355 1
347 356 1
347 457 1
347 469 1
347 346 1
347 348 1
348 356 1
348 457 1
348 147 1
348 148 1
348 347 1
348 157 1
349 362 1
349 345 1
349 691 1
349 153 1
349 156 1
349 157 1
350 160 1
350 161 1
350 354 1
350 163 1
350 358 1
350 871 1
351 352 1
351 163 1
351 356 1
351 460 1
351 148 1
351 149 1
352 351 1
352 353 1
352 356 1
352 357 1
352 460 1
352 473 1
353 352 1
353 354 1
353 357 1
353 359 1
353 850 1
353 473 1
354 353 1
354 358 1
354 871 1
354 359 1
354 850 1
354 350 1
355 227 1
355 228 1
355 238 1
355 469 1
355 346 1
355 347 1
356 351 1
356 352 1
356 457 1
356 460 1
356 347 1
356 348 1
357 352 1
357 353 1
357 228 1
357 229 1
357 246 1
357 473 1
358 354 1
358 935 1
358 871 1
358 361 1
358 368 1
358 350 1
359 353 1
359 354 1
359 229 1
359 262 1
359 230 1
359 850 1
360 225 1
360 932 1
360 230 1
360 233 1
360 361 1
360 369 1
361 932 1
361 358 1
361 935 1
361 360 1
361 368 1
361 369 1
362 363 1
362 366 1
362 691 1
362 822 1
362 345 1
362 349 1
363 362 1
363 364 1
363 366 1
363 368 1
363 821 1
363 822 1
364 160 1
364 363 1
364 368 1
364 821 1
364 153 1
364 154 1
365 226 1
365 227 1
365 235 1
365 688 1
365 345 1
365 346 1
366 931 1
366 362 1
366 363 1
366 367 1
366 369 1
366 822 1
367 225 1
367 226 1
367 931 1
367 232 1
367 366 1
367 369 1
368 358 1
368 935 1
368 361 1
368 363 1
368 364 1
368 821 1
369 931 1
369 932 1
369 360 1
369 361 1
369 366 1
369 367 1
370 383 1
370 619 1
370 371 1
370 532 1
370 374 1
370 382 1
371 370 1
371 402 1
371 532 1
371 372 1
371 380 1
371 382 1
372 402 1
372 371 1
372 405 1
372 373 1
372 380 1
372 381 1
373 384 1
373 372 1
373 405 1
373 374 1
373 537 1
373 381 1
374 383 1
374 384 1
374 619 1
374 370 1
374 373 1
374 537 1
375 406 1
375 534 1
375 376 1
375 379 1
375 380 1
375 382 1
376 383 1
376 621 1
376 534 1
376 375 1
376 377 1
376 382 1
377 383 1
377 384 1
377 546 1
377 621 1
377 376 1
377 378 1
378 384 1
378 546 1
378 409 1
378 377 1
378 379 1
378 381 1
379 406 1
379 375 1
379 409 1
379 378 1
379 380 1
379 381 1
380 402 1
380 371 1
380 372 1
380 406 1
380 375 1
380 379 1
381 372 1
381 405 1
381 373 1
381 409 1
381 378 1
381 379 1
382 370 1
382 371 1
382 532 1
382 534 1
382 375 1
382 376 1
383 619 1
383 621 1
383 370 1
383 374 1
383 376 1
383 377 1
384 546 1
384 377 1
384 373 1
384 374 1
384 537 1
384 378 1
385 386 1
385 388 1
385 389 1
385 390 1
385 782 1
385 951 1
386 385 1
386 387 1
386 389 1
386 393 1
386 499 1
386 951 1
387 386 1
387 197 1
387 198 1
387 393 1
387 205 1
387 499 1
388 385 1
388 390 1
388 782 1
388 175 1
388 176 1
388 186 1
389 385 1
389 386 1
389 392 1
389 394 1
389 951 1
389 953 1
390 385 1
390 481 1
390 388 1
390 391 1
390 782 1
390 399 1
391 480 1
391 481 1
391 390 1
391 392 1
391 399 1
391 401 1
392 480 1
392 389 1
392 391 1
392 394 1
392 401 1
392 953 1
393 386 1
393 387 1
393 394 1
393 400 1
393 499 1
393 503 1
394 389 1
394 392 1
394 393 1
394 400 1
394 503 1
394 953 1
395 396 1
395 205 1
395 206 1
395 400 1
395 218 1
395 507 1
396 485 1
396 395 1
396 397 1
396 400 1
396 401 1
396 507 1
397 485 1
397 488 1
397 396 1
397 398 1
397 399 1
397 401 1
398 191 1
398 488 1
398 397 1
398 399 1
398 186 1
398 187 1
399 481 1
399 390 1
399 391 1
399 488 1
399 397 1
399 398 1
400 393 1
400 394 1
400 395 1
400 396 1
400 503 1
400 507 1
401 480 1
401 485 1
401 391 1
401 392 1
401 396 1
401 397 1
402 267 1
402 268 1
402 371 1
402 276 1
402 372 1
402 380 1
403 417 1
403 267 1
403 270 1
403 404 1
403 281 1
403 988 1
404 416 1
404 417 1
404 403 1
404 405 1
404 538 1
404 988 1
405 416 1
405 372 1
405 373 1
405 404 1
405 538 1
405 381 1
406 407 1
406 533 1
406 375 1
406 379 1
406 380 1
406 414 1
407 686 1
407 533 1
407 406 1
407 408 1
407 410 1
407 414 1
408 544 1
408 686 1
408 407 1
408 409 1
408 410 1
408 413 1
409 544 1
409 381 1
409 408 1
409 378 1
409 379 1
409 413 1
410 415 1
410 686 1
410 687 1
410 407 1
410 408 1
410 411 1
411 415 1
411 417 1
411 687 1
411 693 1
411 410 1
411 412 1
412 416 1
412 417 1
412 545 1
412 693 1
412 411 1
412 413 1
413 416 1
413 545 1
413 544 1
413 408 1
413 409 1
413 412 1
414 406 1
414 276 1
414 277 1
414 533 1
414 407 1
414 282 1
415 687 1
415 410 1
415 283 1
415 281 1
415 282 1
415 411 1
416 545 1
416 404 1
416 405 1
416 538 1
416 412 1
416 413 1
417 403 1
417 404 1
417 693 1
417 411 1
417 988 1
417 412 1
418 419 1
418 167 1
418 424 1
418 493 1
418 143 1
418 144 1
419 418 1
419 420 1
419 423 1
419 424 1
419 493 1
420 419 1
420 421 1
420 423 1
420 428 1
420 987 1
421 420 1
421 171 1
421 428 1
421 144 1
421 145 1
421 987 1
422 423 1
422 840 1
422 425 1
422 426 1
422 841 1
422 431 1
423 419 1
423 420 1
423 422 1
423 840 1
423 426 1
424 418 1
424 419 1
424 425 1
424 429 1
424 493 1
424 494 1
425 422 1
425 424 1
425 841 1
425 429 1
425 494 1
425 431 1
426 422 1
426 423 1
426 840 1
426 427 1
426 433 1
426 539 1
427 426 1
427 428 1
427 433 1
427 435 1
427 538 1
427 539 1
428 420 1
428 421 1
428 427 1
428 435 1
428 538 1
428 987 1
429 166 1
429 167 1
429 424 1
429 425 1
429 170 1
429 494 1
430 170 1
430 780 1
430 431 1
430 432 1
430 150 1
430 151 1
431 422 1
431 425 1
431 841 1
431 780 1
431 430 1
431 432 1
432 543 1
432 780 1
432 430 1
432 431 1
432 433 1
432 434 1
433 543 1
433 426 1
433 427 1
433 432 1
433 434 1
433 539 1
434 543 1
434 168 1
434 432 1
434 433 1
434 151 1
434 152 1
435 168 1
435 169 1
435 427 1
435 171 1
435 428 1
435 538 1
436 449 1
436 787 1
436 788 1
436 437 1
436 440 1
436 443 1
437 627 1
437 787 1
437 436 1
437 438 1
437 441 1
437 443 1
438 448 1
438 627 1
438 437 1
438 629 1
438 439 1
438 441 1
439 448 1
439 450 1
439 908 1
439 629 1
439 438 1
439 440 1
440 449 1
440 450 1
440 908 1
440 788 1
440 436 1
440 439 1
441 438 1
441 627 1
441 437 1
441 630 1
441 442 1
441 445 1
442 700 1
442 630 1
442 441 1
442 443 1
442 444 1
442 445 1
443 700 1
443 787 1
443 436 1
443 437 1
443 442 1
443 444 1
444 447 1
444 449 1
444 699 1
444 442 1
444 443 1
444 700 1
445 448 1
445 630 1
445 441 1
445 442 1
445 636 1
445 446 1
446 447 1
446 448 1
446 450 1
446 710 1
446 636 1
446 445 1
447 449 1
447 450 1
447 710 1
447 699 1
447 444 1
447 446 1
448 629 1
448 438 1
448 439 1
448 636 1
448 445 1
448 446 1
449 447 1
449 788 1
449 436 1
449 440 1
449 699 1
449 444 1
450 447 1
450 710 1
450 908 1
450 439 1
450 440 1
450 446 1
451 452 1
451 456 1
451 522 1
451 523 1
451 461 1
451 466 1
452 451 1
452 453 1
452 523 1
452 555 1
452 461 1
452 462 1
453 452 1
453 773 1
453 454 1
453 458 1
453 555 1
453 462 1
454 453 1
454 773 1
454 455 1
454 457 1
454 458 1
454 689 1
455 454 1
455 456 1
455 457 1
455 686 1
455 689 1
455 469 1
456 451 1
456 455 1
456 522 1
456 686 1
456 466 1
456 469 1
457 356 1
457 454 1
457 455 1
457 689 1
457 347 1
457 348 1
458 453 1
458 454 1
458 775 1
458 773 1
458 459 1
458 468 1
459 775 1
459 776 1
459 458 1
459 460 1
459 468 1
459 476 1
460 351 1
460 352 1
460 356 1
460 776 1
460 459 1
460 476 1
461 451 1
461 452 1
461 523 1
461 528 1
461 465 1
461 467 1
462 452 1
462 453 1
462 555 1
462 557 1
462 463 1
462 468 1
463 554 1
463 557 1
463 462 1
463 464 1
463 468 1
463 475 1
464 552 1
464 554 1
464 463 1
464 465 1
464 470 1
464 475 1
465 552 1
465 461 1
465 528 1
465 464 1
465 467 1
465 470 1
466 451 1
466 456 1
466 522 1
466 237 1
466 238 1
466 244 1
467 461 1
467 528 1
467 465 1
467 244 1
467 245 1
467 251 1
468 775 1
468 458 1
468 459 1
468 557 1
468 462 1
468 463 1
469 355 1
469 455 1
469 456 1
469 686 1
469 346 1
469 347 1
470 552 1
470 589 1
470 464 1
470 465 1
470 471 1
470 472 1
471 470 1
471 589 1
471 245 1
471 246 1
471 472 1
471 252 1
472 589 1
472 591 1
472 470 1
472 471 1
472 474 1
472 475 1
473 352 1
473 353 1
473 357 1
473 851 1
473 474 1
473 476 1
474 591 1
474 851 1
474 472 1
474 473 1
474 475 1
474 476 1
475 554 1
475 463 1
475 464 1
475 591 1
475 472 1
475 474 1
476 776 1
476 459 1
476 460 1
476 851 1
476 473 1
476 474 1
477 482 1
477 483 1
477 81 1
477 82 1
477 798 1
477 94 1
478 479 1
478 863 1
478 490 1
478 80 1
478 81 1
478 87 1
479 863 1
479 480 1
479 903 1
479 487 1
479 490 1
479 478 1
480 479 1
480 391 1
480 392 1
480 903 1
480 487 1
480 401 1
481 482 1
481 390 1
481 391 1
481 491 1
481 399 1
481 784 1
482 481 1
482 483 1
482 491 1
482 784 1
482 477 1
482 798 1
483 482 1
483 771 1
483 484 1
483 489 1
483 477 1
483 798 1
484 258 1
484 771 1
484 259 1
484 260 1
484 483 1
484 489 1
485 255 1
485 256 1
485 258 1
485 396 1
485 397 1
485 401 1
486 223 1
486 224 1
486 255 1
486 869 1
486 487 1
486 490 1
487 479 1
487 480 1
487 869 1
487 486 1
487 903 1
487 490 1
488 772 1
488 489 1
488 491 1
488 397 1
488 398 1
488 399 1
489 483 1
489 771 1
489 484 1
489 772 1
489 488 1
489 491 1
490 479 1
490 863 1
490 869 1
490 486 1
490 487 1
490 478 1
491 481 1
491 482 1
491 772 1
491 488 1
491 489 1
491 784 1
492 162 1
492 142 1
492 143 1
492 312 1
492 313 1
492 317 1
493 418 1
493 419 1
493 424 1
493 311 1
493 312 1
493 316 1
494 2 1
494 3 1
494 424 1
494 425 1
494 429 1
494 27 1
495 164 1
495 165 1
495 166 1
495 19 1
495 20 1
495 27 1
496 161 1
496 162 1
496 325 1
496 165 1
496 317 1
496 318 1
497 509 1
497 498 1
497 499 1
497 502 1
497 952 1
497 989 1
498 198 1
498 199 1
498 208 1
498 497 1
498 502 1
498 989 1
499 386 1
499 387 1
499 393 1
499 497 1
499 952 1
499 509 1
500 512 1
500 207 1
500 208 1
500 527 1
500 501 1
500 216 1
501 512 1
501 527 1
501 500 1
501 342 1
501 343 1
501 344 1
502 332 1
502 333 1
502 497 1
502 498 1
502 344 1
502 989 1
503 838 1
503 393 1
503 394 1
503 400 1
503 504 1
503 508 1
504 838 1
504 531 1
504 503 1
504 505 1
504 508 1
504 510 1
505 512 1
505 529 1
505 531 1
505 504 1
505 506 1
505 510 1
506 512 1
506 513 1
506 529 1
506 505 1
506 507 1
506 604 1
507 513 1
507 395 1
507 396 1
507 400 1
507 506 1
507 604 1
508 511 1
508 838 1
508 839 1
508 503 1
508 504 1
508 509 1
509 511 1
509 839 1
509 497 1
509 499 1
509 952 1
509 508 1
510 336 1
510 337 1
510 531 1
510 342 1
510 504 1
510 505 1
511 839 1
511 331 1
511 332 1
511 336 1
511 508 1
511 509 1
512 527 1
512 529 1
512 500 1
512 501 1
512 505 1
512 506 1
513 206 1
513 207 1
513 214 1
513 506 1
513 507 1
513 604 1
514 515 1
514 524 1
514 338 1
514 339 1
514 341 1
514 534 1
515 514 1
515 516 1
515 522 1
515 524 1
515 533 1
515 534 1
516 515 1
516 517 1
516 520 1
516 522 1
516 533 1
516 535 1
517 516 1
517 518 1
517 519 1
517 520 1
517 535 1
517 536 1
518 517 1
518 519 1
518 334 1
518 337 1
518 341 1
518 536 1
519 833 1
519 517 1
519 518 1
519 521 1
519 531 1
519 536 1
520 516 1
520 517 1
520 236 1
520 237 1
520 535 1
520 248 1
521 833 1
521 519 1
521 531 1
521 247 1
521 248 1
521 254 1
522 451 1
522 516 1
522 515 1
522 456 1
522 466 1
522 533 1
523 451 1
523 452 1
523 549 1
523 524 1
523 461 1
523 526 1
524 514 1
524 515 1
524 549 1
524 523 1
524 526 1
524 534 1
525 550 1
525 526 1
525 530 1
525 339 1
525 340 1
525 343 1
526 549 1
526 550 1
526 523 1
526 524 1
526 525 1
526 530 1
527 512 1
527 558 1
527 528 1
527 530 1
527 500 1
527 501 1
528 461 1
528 558 1
528 527 1
528 465 1
528 530 1
528 467 1
529 512 1
529 506 1
529 505 1
529 250 1
529 251 1
529 254 1
530 550 1
530 525 1
530 526 1
530 527 1
530 528 1
530 558 1
531 833 1
531 519 1
531 521 1
531 504 1
531 505 1
531 510 1
532 327 1
532 328 1
532 338 1
532 371 1
532 370 1
532 382 1
533 515 1
533 516 1
533 522 1
533 406 1
533 407 1
533 414 1
534 514 1
534 515 1
534 524 1
534 375 1
534 376 1
534 382 1
535 516 1
535 517 1
535 520 1
535 277 1
535 278 1
535 279 1
536 517 1
536 518 1
536 519 1
536 108 1
536 109 1
536 113 1
537 384 1
537 547 1
537 845 1
537 373 1
537 374 1
537 539 1
538 416 1
538 427 1
538 428 1
538 435 1
538 404 1
538 405 1
539 547 1
539 426 1
539 427 1
539 845 1
539 433 1
539 537 1
540 544 1
540 689 1
540 147 1
540 152 1
540 541 1
540 158 1
541 544 1
541 546 1
541 773 1
541 689 1
541 540 1
541 542 1
542 543 1
542 546 1
542 547 1
542 773 1
542 774 1
542 541 1
543 547 1
543 774 1
543 432 1
543 433 1
543 434 1
543 542 1
544 541 1
544 689 1
544 408 1
544 409 1
544 540 1
544 413 1
545 159 1
545 416 1
545 169 1
545 412 1
545 413 1
545 158 1
546 384 1
546 773 1
546 377 1
546 378 1
546 541 1
546 542 1
547 543 1
547 774 1
547 845 1
547 537 1
547 539 1
547 542 1
548 549 1
548 551 1
548 555 1
548 556 1
548 621 1
548 622 1
549 548 1
549 555 1
549 523 1
549 524 1
549 621 1
549 526 1
550 128 1
550 132 1
550 135 1
550 525 1
550 526 1
550 530 1
551 548 1
551 134 1
551 135 1
551 139 1
551 556 1
551 622 1
552 294 1
552 295 1
552 464 1
552 465 1
552 306 1
552 470 1
553 295 1
553 296 1
553 554 1
553 590 1
553 559 1
553 304 1
554 553 1
554 590 1
554 463 1
554 464 1
554 559 1
554 475 1
555 548 1
555 452 1
555 453 1
555 549 1
555 621 1
555 462 1
556 548 1
556 551 1
556 557 1
556 622 1
556 562 1
556 919 1
557 556 1
557 462 1
557 463 1
557 562 1
557 468 1
557 919 1
558 527 1
558 528 1
558 306 1
558 307 1
558 308 1
558 530 1
559 553 1
559 554 1
559 590 1
559 560 1
559 562 1
559 918 1
560 768 1
560 559 1
560 561 1
560 562 1
560 563 1
560 918 1
561 768 1
561 304 1
561 305 1
561 560 1
561 563 1
561 309 1
562 556 1
562 557 1
562 559 1
562 560 1
562 918 1
562 919 1
563 768 1
563 136 1
563 137 1
563 139 1
563 560 1
563 561 1
564 576 1
564 579 1
564 975 1
564 565 1
564 661 1
564 568 1
565 576 1
565 577 1
565 874 1
565 975 1
565 564 1
565 566 1
566 577 1
566 873 1
566 874 1
566 565 1
566 567 1
566 574 1
567 287 1
567 290 1
567 286 1
567 873 1
567 566 1
567 574 1
568 579 1
568 299 1
568 564 1
568 661 1
568 285 1
568 286 1
569 577 1
569 811 1
569 813 1
569 570 1
569 573 1
569 574 1
570 575 1
570 577 1
570 807 1
570 811 1
570 569 1
570 571 1
571 575 1
571 673 1
571 580 1
571 807 1
571 570 1
571 572 1
572 673 1
572 580 1
572 299 1
572 300 1
572 303 1
572 571 1
573 290 1
573 291 1
573 813 1
573 303 1
573 569 1
573 574 1
574 873 1
574 813 1
574 566 1
574 567 1
574 569 1
574 573 1
575 576 1
575 578 1
575 807 1
575 979 1
575 570 1
575 571 1
576 575 1
576 578 1
576 975 1
576 979 1
576 564 1
576 565 1
577 874 1
577 811 1
577 565 1
577 566 1
577 569 1
577 570 1
578 575 1
578 576 1
578 674 1
578 579 1
578 580 1
578 979 1
579 578 1
579 674 1
579 580 1
579 564 1
579 661 1
579 568 1
580 673 1
580 578 1
580 579 1
580 674 1
580 571 1
580 572 1
581 582 1
581 615 1
581 617 1
581 586 1
581 594 1
581 598 1
582 291 1
582 292 1
582 581 1
582 615 1
582 298 1
582 598 1
583 671 1
583 584 1
583 297 1
583 298 1
583 300 1
583 599 1
584 671 1
584 583 1
584 585 1
584 815 1
584 599 1
584 600 1
585 584 1
585 586 1
585 815 1
585 816 1
585 595 1
585 600 1
586 581 1
586 617 1
586 585 1
586 816 1
586 594 1
586 595 1
587 292 1
587 293 1
587 294 1
587 588 1
587 598 1
587 602 1
588 587 1
588 589 1
588 594 1
588 598 1
588 602 1
588 603 1
589 588 1
589 594 1
589 470 1
589 471 1
589 472 1
589 603 1
590 553 1
590 554 1
590 559 1
590 593 1
590 917 1
590 597 1
591 592 1
591 595 1
591 853 1
591 472 1
591 474 1
591 475 1
592 591 1
592 593 1
592 595 1
592 853 1
592 600 1
592 920 1
593 590 1
593 592 1
593 917 1
593 597 1
593 600 1
593 920 1
594 581 1
594 617 1
594 586 1
594 588 1
594 589 1
594 603 1
595 585 1
595 586 1
595 591 1
595 816 1
595 592 1
595 853 1
596 296 1
596 297 1
596 301 1
596 597 1
596 599 1
596 670 1
597 590 1
597 593 1
597 596 1
597 917 1
597 599 1
597 670 1
598 581 1
598 582 1
598 615 1
598 587 1
598 588 1
598 602 1
599 671 1
599 583 1
599 584 1
599 596 1
599 597 1
599 670 1
600 584 1
600 585 1
600 815 1
600 592 1
600 593 1
600 920 1
601 257 1
601 211 1
601 212 1
601 214 1
601 249 1
601 253 1
602 202 1
602 203 1
602 588 1
602 587 1
602 211 1
602 598 1
603 261 1
603 588 1
603 589 1
603 594 1
603 252 1
603 253 1
604 256 1
604 513 1
604 506 1
604 249 1
604 250 1
604 507 1
605 608 1
605 611 1
605 645 1
605 616 1
605 715 1
605 606 1
606 607 1
606 610 1
606 611 1
606 644 1
606 645 1
606 605 1
607 610 1
607 644 1
607 209 1
607 210 1
607 213 1
607 606 1
608 616 1
608 715 1
608 212 1
608 213 1
608 217 1
608 605 1
609 610 1
609 612 1
609 613 1
609 646 1
609 647 1
609 617 1
610 607 1
610 609 1
610 644 1
610 613 1
610 647 1
610 606 1
611 612 1
611 645 1
611 618 1
611 660 1
611 605 1
611 606 1
612 609 1
612 611 1
612 646 1
612 617 1
612 618 1
612 660 1
613 609 1
613 610 1
613 614 1
613 615 1
613 647 1
613 813 1
614 613 1
614 615 1
614 201 1
614 202 1
614 813 1
614 209 1
615 613 1
615 581 1
615 582 1
615 614 1
615 813 1
615 598 1
616 608 1
616 257 1
616 715 1
616 239 1
616 243 1
616 605 1
617 609 1
617 612 1
617 581 1
617 646 1
617 586 1
617 594 1
618 611 1
618 612 1
618 261 1
618 242 1
618 243 1
618 660 1
619 383 1
619 1003 1
619 620 1
619 622 1
619 370 1
619 374 1
620 134 1
620 619 1
620 1003 1
620 622 1
620 125 1
620 126 1
621 383 1
621 548 1
621 549 1
621 555 1
621 376 1
621 377 1
622 548 1
622 551 1
622 619 1
622 556 1
622 1003 1
622 620 1
623 637 1
623 971 1
623 624 1
623 626 1
623 628 1
623 957 1
624 0 1
624 6 1
624 7 1
624 637 1
624 623 1
624 957 1
625 5 1
625 6 1
625 626 1
625 629 1
625 23 1
625 985 1
626 971 1
626 623 1
626 625 1
626 628 1
626 629 1
626 985 1
627 884 1
627 437 1
627 438 1
627 631 1
627 628 1
627 441 1
628 971 1
628 623 1
628 626 1
628 627 1
628 884 1
628 631 1
629 448 1
629 625 1
629 626 1
629 438 1
629 439 1
629 985 1
630 704 1
630 633 1
630 632 1
630 441 1
630 442 1
630 445 1
631 752 1
631 627 1
631 884 1
631 628 1
631 632 1
631 635 1
632 704 1
632 752 1
632 630 1
632 631 1
632 633 1
632 635 1
633 704 1
633 630 1
633 13 1
633 14 1
633 22 1
633 632 1
634 7 1
634 10 1
634 756 1
634 22 1
634 635 1
634 637 1
635 752 1
635 756 1
635 631 1
635 632 1
635 634 1
635 637 1
636 448 1
636 14 1
636 15 1
636 23 1
636 445 1
636 446 1
637 623 1
637 624 1
637 756 1
637 634 1
637 635 1
637 957 1
638 642 1
638 37 1
638 38 1
638 656 1
638 49 1
638 860 1
639 640 1
639 36 1
639 37 1
639 651 1
639 48 1
639 759 1
640 639 1
640 641 1
640 651 1
640 653 1
640 754 1
640 759 1
641 640 1
641 642 1
641 653 1
641 657 1
641 754 1
641 859 1
642 641 1
642 656 1
642 657 1
642 859 1
642 860 1
642 638 1
643 644 1
643 713 1
643 44 1
643 45 1
643 654 1
643 49 1
644 607 1
644 610 1
644 643 1
644 713 1
644 654 1
644 606 1
645 611 1
645 39 1
645 40 1
645 44 1
645 605 1
645 606 1
646 609 1
646 612 1
646 617 1
646 650 1
646 652 1
646 761 1
647 609 1
647 610 1
647 613 1
647 648 1
647 811 1
647 655 1
648 647 1
648 649 1
648 811 1
648 812 1
648 655 1
648 657 1
649 648 1
649 650 1
649 812 1
649 653 1
649 657 1
649 755 1
650 646 1
650 649 1
650 652 1
650 653 1
650 755 1
650 761 1
651 639 1
651 640 1
651 652 1
651 658 1
651 759 1
651 760 1
652 646 1
652 650 1
652 651 1
652 658 1
652 760 1
652 761 1
653 640 1
653 641 1
653 649 1
653 650 1
653 754 1
653 755 1
654 643 1
654 644 1
654 713 1
654 876 1
654 655 1
654 656 1
655 647 1
655 648 1
655 811 1
655 876 1
655 654 1
655 656 1
656 642 1
656 876 1
656 654 1
656 655 1
656 860 1
656 638 1
657 641 1
657 642 1
657 648 1
657 649 1
657 812 1
657 859 1
658 651 1
658 652 1
658 659 1
658 660 1
658 791 1
658 760 1
659 40 1
659 41 1
659 48 1
659 658 1
659 660 1
659 791 1
660 611 1
660 612 1
660 618 1
660 658 1
660 659 1
660 791 1
661 579 1
661 976 1
661 564 1
661 663 1
661 568 1
661 666 1
662 289 1
662 763 1
662 302 1
662 663 1
662 667 1
662 285 1
663 763 1
663 976 1
663 661 1
663 662 1
663 666 1
663 667 1
664 665 1
664 922 1
664 921 1
664 668 1
664 669 1
664 670 1
665 674 1
665 978 1
665 664 1
665 921 1
665 666 1
665 669 1
666 674 1
666 976 1
666 978 1
666 661 1
666 663 1
666 665 1
667 672 1
667 662 1
667 663 1
667 763 1
667 668 1
667 766 1
668 672 1
668 766 1
668 664 1
668 922 1
668 667 1
668 670 1
669 671 1
669 673 1
669 810 1
669 664 1
669 665 1
669 921 1
670 596 1
670 597 1
670 599 1
670 664 1
670 922 1
670 668 1
671 673 1
671 583 1
671 584 1
671 810 1
671 599 1
671 669 1
672 301 1
672 302 1
672 305 1
672 667 1
672 668 1
672 766 1
673 671 1
673 580 1
673 810 1
673 571 1
673 572 1
673 669 1
674 578 1
674 579 1
674 580 1
674 978 1
674 665 1
674 666 1
675 676 1
675 678 1
675 679 1
675 682 1
675 1004 1
676 675 1
676 677 1
676 682 1
676 683 1
676 1004 1
676 952 1
677 676 1
677 678 1
677 680 1
677 683 1
677 951 1
677 952 1
678 675 1
678 677 1
678 679 1
678 680 1
678 951 1
679 675 1
679 99 1
679 100 1
679 678 1
679 105 1
680 835 1
680 677 1
680 678 1
680 681 1
680 685 1
680 951 1
681 835 1
681 100 1
681 101 1
681 680 1
681 106 1
681 685 1
682 675 1
682 676 1
682 326 1
682 329 1
682 330 1
682 1004 1
683 676 1
683 677 1
683 839 1
683 684 1
683 685 1
683 952 1
684 839 1
684 330 1
684 683 1
684 331 1
684 685 1
684 335 1
685 835 1
685 839 1
685 680 1
685 681 1
685 683 1
685 684 1
686 455 1
686 456 1
686 469 1
686 407 1
686 408 1
686 410 1
687 415 1
687 1002 1
687 688 1
687 694 1
687 410 1
687 411 1
688 1002 1
688 365 1
688 687 1
688 694 1
688 345 1
688 346 1
689 544 1
689 454 1
689 455 1
689 457 1
689 540 1
689 541 1
690 159 1
690 692 1
690 693 1
690 824 1
690 155 1
690 156 1
691 362 1
691 692 1
691 694 1
691 823 1
691 345 1
691 349 1
692 690 1
692 691 1
692 693 1
692 694 1
692 823 1
692 824 1
693 417 1
693 690 1
693 692 1
693 824 1
693 411 1
693 412 1
694 1002 1
694 687 1
694 688 1
694 691 1
694 692 1
694 823 1
695 319 1
695 320 1
695 322 1
695 710 1
695 911 1
695 696 1
696 709 1
696 710 1
696 910 1
696 911 1
696 695 1
696 697 1
697 963 1
697 709 1
697 712 1
697 910 1
697 696 1
697 698 1
698 320 1
698 321 1
698 323 1
698 963 1
698 712 1
698 697 1
699 447 1
699 703 1
699 449 1
699 709 1
699 795 1
699 444 1
700 704 1
700 753 1
700 442 1
700 443 1
700 444 1
700 701 1
701 704 1
701 705 1
701 753 1
701 760 1
701 700 1
701 702 1
702 703 1
702 705 1
702 711 1
702 760 1
702 794 1
702 701 1
703 795 1
703 709 1
703 711 1
703 794 1
703 699 1
703 702 1
704 753 1
704 630 1
704 632 1
704 633 1
704 700 1
704 701 1
705 12 1
705 13 1
705 760 1
705 28 1
705 701 1
705 702 1
706 707 1
706 711 1
706 11 1
706 12 1
706 17 1
706 850 1
707 706 1
707 708 1
707 711 1
707 712 1
707 871 1
707 850 1
708 323 1
708 324 1
708 325 1
708 707 1
708 871 1
708 712 1
709 703 1
709 795 1
709 910 1
709 696 1
709 697 1
709 699 1
710 447 1
710 450 1
710 911 1
710 695 1
710 696 1
710 446 1
711 703 1
711 706 1
711 707 1
711 850 1
711 794 1
711 702 1
712 707 1
712 963 1
712 708 1
712 871 1
712 697 1
712 698 1
713 643 1
713 644 1
713 654 1
713 181 1
713 185 1
713 189 1
714 193 1
714 769 1
714 715 1
714 716 1
714 183 1
714 184 1
715 608 1
715 769 1
715 616 1
715 714 1
715 716 1
715 605 1
716 769 1
716 39 1
716 714 1
716 43 1
716 715 1
716 47 1
717 735 1
717 70 1
717 718 1
717 820 1
717 57 1
717 58 1
718 735 1
718 717 1
718 719 1
718 819 1
718 820 1
718 733 1
719 999 1
719 718 1
719 720 1
719 819 1
719 733 1
719 734 1
720 998 1
720 999 1
720 719 1
720 721 1
720 723 1
720 734 1
721 998 1
721 720 1
721 723 1
721 54 1
721 58 1
721 59 1
722 65 1
722 968 1
722 724 1
722 726 1
722 59 1
722 60 1
723 998 1
723 720 1
723 721 1
723 724 1
723 732 1
723 990 1
724 968 1
724 722 1
724 723 1
724 726 1
724 732 1
724 990 1
725 64 1
725 65 1
725 69 1
725 969 1
725 726 1
725 727 1
726 968 1
726 969 1
726 722 1
726 724 1
726 725 1
726 727 1
727 991 1
727 969 1
727 725 1
727 726 1
727 728 1
727 731 1
728 991 1
728 823 1
728 727 1
728 729 1
728 731 1
728 733 1
729 735 1
729 822 1
729 823 1
729 728 1
729 730 1
729 733 1
730 735 1
730 69 1
730 70 1
730 76 1
730 822 1
730 729 1
731 991 1
731 994 1
731 727 1
731 728 1
731 732 1
731 734 1
732 994 1
732 734 1
732 723 1
732 724 1
732 731 1
732 990 1
733 718 1
733 719 1
733 819 1
733 823 1
733 728 1
733 729 1
734 994 1
734 999 1
734 719 1
734 720 1
734 731 1
734 732 1
735 717 1
735 718 1
735 820 1
735 822 1
735 729 1
735 730 1
736 737 1
736 739 1
736 740 1
736 743 1
736 877 1
737 736 1
737 738 1
737 743 1
737 745 1
737 889 1
738 737 1
738 739 1
738 745 1
738 747 1
738 878 1
738 889 1
739 736 1
739 738 1
739 740 1
739 747 1
739 877 1
739 878 1
740 799 1
740 736 1
740 739 1
740 741 1
740 746 1
740 877 1
741 799 1
741 740 1
741 742 1
741 746 1
741 750 1
741 798 1
742 741 1
742 743 1
742 744 1
742 750 1
742 980 1
742 798 1
743 736 1
743 737 1
743 742 1
743 744 1
743 980 1
744 742 1
744 743 1
744 745 1
744 748 1
744 980 1
744 894 1
745 737 1
745 738 1
745 744 1
745 748 1
745 889 1
745 894 1
746 799 1
746 740 1
746 741 1
746 806 1
746 747 1
746 749 1
747 738 1
747 739 1
747 806 1
747 746 1
747 749 1
747 878 1
748 804 1
748 744 1
748 745 1
748 749 1
748 750 1
748 894 1
749 804 1
749 806 1
749 746 1
749 747 1
749 748 1
749 750 1
750 804 1
750 741 1
750 742 1
750 748 1
750 749 1
750 798 1
751 752 1
751 753 1
751 754 1
751 790 1
751 759 1
751 858 1
752 751 1
752 754 1
752 631 1
752 632 1
752 858 1
752 635 1
753 704 1
753 751 1
753 790 1
753 759 1
753 700 1
753 701 1
754 640 1
754 641 1
754 653 1
754 751 1
754 752 1
754 858 1
755 649 1
755 650 1
755 653 1
755 814 1
755 756 1
755 757 1
756 814 1
756 755 1
756 757 1
756 634 1
756 635 1
756 637 1
757 814 1
757 816 1
757 755 1
757 756 1
757 758 1
757 761 1
758 9 1
758 10 1
758 816 1
758 757 1
758 761 1
758 28 1
759 639 1
759 640 1
759 651 1
759 751 1
759 753 1
759 790 1
760 705 1
760 651 1
760 652 1
760 658 1
760 701 1
760 702 1
761 646 1
761 650 1
761 652 1
761 816 1
761 757 1
761 758 1
762 127 1
762 119 1
762 120 1
762 763 1
762 764 1
763 662 1
763 663 1
763 762 1
763 667 1
763 764 1
764 767 1
764 1006 1
764 762 1
764 763 1
764 765 1
765 767 1
765 768 1
765 1006 1
765 981 1
765 764 1
765 766 1
766 672 1
766 768 1
766 981 1
766 667 1
766 668 1
766 765 1
767 127 1
767 136 1
767 1006 1
767 764 1
767 765 1
767 126 1
768 560 1
768 561 1
768 563 1
768 981 1
768 765 1
768 766 1
769 770 1
769 771 1
769 803 1
769 714 1
769 715 1
769 716 1
770 769 1
770 259 1
770 771 1
770 803 1
770 239 1
770 240 1
771 769 1
771 770 1
771 483 1
771 484 1
771 803 1
771 489 1
772 193 1
772 488 1
772 489 1
772 491 1
772 187 1
772 188 1
773 546 1
773 453 1
773 454 1
773 458 1
773 541 1
773 542 1
774 543 1
774 547 1
774 775 1
774 778 1
774 846 1
774 542 1
775 774 1
775 778 1
775 458 1
775 459 1
775 846 1
775 468 1
776 872 1
776 777 1
776 779 1
776 459 1
776 460 1
776 476 1
777 164 1
777 776 1
777 872 1
777 779 1
777 149 1
777 150 1
778 774 1
778 775 1
778 779 1
778 780 1
778 846 1
778 848 1
779 776 1
779 777 1
779 778 1
779 872 1
779 780 1
779 848 1
780 778 1
780 779 1
780 430 1
780 431 1
780 432 1
780 848 1
781 782 1
781 175 1
781 783 1
781 174 1
781 178 1
782 385 1
782 388 1
782 390 1
782 781 1
782 783 1
783 781 1
783 782 1
783 784 1
783 785 1
783 980 1
784 481 1
784 482 1
784 491 1
784 783 1
784 785 1
784 980 1
785 783 1
785 784 1
785 178 1
785 180 1
785 980 1
785 188 1
786 31 1
786 36 1
786 787 1
786 790 1
786 855 1
786 30 1
787 786 1
787 436 1
787 437 1
787 790 1
787 855 1
787 443 1
788 449 1
788 797 1
788 436 1
788 789 1
788 440 1
788 893 1
789 31 1
789 32 1
789 797 1
789 50 1
789 788 1
789 893 1
790 751 1
790 753 1
790 855 1
790 786 1
790 787 1
790 759 1
791 658 1
791 659 1
791 660 1
791 852 1
791 793 1
791 794 1
792 41 1
792 42 1
792 50 1
792 885 1
792 793 1
792 796 1
793 852 1
793 885 1
793 791 1
793 792 1
793 794 1
793 796 1
794 703 1
794 711 1
794 852 1
794 791 1
794 793 1
794 702 1
795 703 1
795 900 1
795 709 1
795 699 1
795 796 1
795 797 1
796 900 1
796 885 1
796 792 1
796 793 1
796 795 1
796 797 1
797 900 1
797 788 1
797 789 1
797 795 1
797 796 1
797 893 1
798 482 1
798 483 1
798 741 1
798 742 1
798 750 1
798 477 1
799 740 1
799 741 1
799 746 1
799 78 1
799 82 1
799 92 1
800 801 1
800 805 1
800 231 1
800 234 1
800 240 1
800 887 1
801 800 1
801 802 1
801 805 1
801 806 1
801 880 1
801 887 1
802 801 1
802 806 1
802 880 1
802 88 1
802 89 1
802 92 1
803 769 1
803 770 1
803 771 1
803 804 1
803 805 1
803 888 1
804 803 1
804 805 1
804 748 1
804 749 1
804 750 1
804 888 1
805 800 1
805 801 1
805 803 1
805 804 1
805 887 1
805 888 1
806 801 1
806 802 1
806 746 1
806 747 1
806 749 1
806 880 1
807 575 1
807 808 1
807 812 1
807 973 1
807 570 1
807 571 1
808 959 1
808 807 1
808 809 1
808 812 1
808 973 1
808 814 1
809 959 1
809 808 1
809 810 1
809 814 1
809 815 1
809 924 1
810 671 1
810 673 1
810 809 1
810 815 1
810 924 1
810 669 1
811 577 1
811 647 1
811 648 1
811 655 1
811 569 1
811 570 1
812 807 1
812 648 1
812 649 1
812 808 1
812 973 1
812 657 1
813 613 1
813 614 1
813 615 1
813 569 1
813 573 1
813 574 1
814 959 1
814 808 1
814 809 1
814 755 1
814 756 1
814 757 1
815 584 1
815 585 1
815 810 1
815 809 1
815 600 1
815 924 1
816 585 1
816 586 1
816 595 1
816 757 1
816 758 1
816 761 1
817 927 1
817 142 1
817 146 1
817 820 1
817 821 1
817 154 1
818 145 1
818 146 1
818 819 1
818 824 1
818 986 1
818 155 1
819 718 1
819 719 1
819 818 1
819 824 1
819 986 1
819 733 1
820 735 1
820 927 1
820 717 1
820 718 1
820 817 1
820 821 1
821 927 1
821 363 1
821 364 1
821 368 1
821 817 1
821 820 1
822 735 1
822 362 1
822 363 1
822 366 1
822 729 1
822 730 1
823 691 1
823 692 1
823 694 1
823 728 1
823 729 1
823 733 1
824 818 1
824 690 1
824 819 1
824 692 1
824 693 1
824 986 1
825 832 1
825 866 1
825 867 1
825 826 1
825 828 1
825 830 1
826 866 1
826 869 1
826 825 1
826 827 1
826 829 1
826 830 1
827 223 1
827 869 1
827 247 1
827 826 1
827 829 1
827 222 1
828 832 1
828 867 1
828 236 1
828 825 1
828 221 1
828 222 1
829 831 1
829 833 1
829 837 1
829 869 1
829 826 1
829 827 1
830 866 1
830 271 1
830 272 1
830 280 1
830 825 1
830 826 1
831 833 1
831 837 1
831 109 1
831 110 1
831 116 1
831 829 1
832 867 1
832 272 1
832 273 1
832 279 1
832 825 1
832 828 1
833 831 1
833 837 1
833 519 1
833 521 1
833 531 1
833 829 1
834 97 1
834 836 1
834 101 1
834 837 1
834 903 1
834 110 1
835 836 1
835 838 1
835 680 1
835 681 1
835 685 1
835 953 1
836 834 1
836 835 1
836 837 1
836 838 1
836 903 1
836 953 1
837 831 1
837 833 1
837 834 1
837 836 1
837 903 1
837 829 1
838 835 1
838 836 1
838 503 1
838 504 1
838 953 1
838 508 1
839 511 1
839 683 1
839 684 1
839 685 1
839 508 1
839 509 1
840 422 1
840 423 1
840 426 1
840 843 1
840 844 1
840 1006 1
841 422 1
841 425 1
841 842 1
841 431 1
841 848 1
841 883 1
842 841 1
842 843 1
842 848 1
842 849 1
842 883 1
842 916 1
843 840 1
843 842 1
843 844 1
843 1006 1
843 849 1
843 916 1
844 840 1
844 843 1
844 1003 1
844 845 1
844 1006 1
844 847 1
845 547 1
845 1003 1
845 844 1
845 847 1
845 537 1
845 539 1
846 774 1
846 775 1
846 778 1
846 847 1
846 849 1
846 919 1
847 1003 1
847 844 1
847 845 1
847 846 1
847 849 1
847 919 1
848 841 1
848 842 1
848 778 1
848 779 1
848 780 1
848 883 1
849 842 1
849 843 1
849 846 1
849 847 1
849 916 1
849 919 1
850 353 1
850 354 1
850 706 1
850 707 1
850 359 1
850 711 1
851 17 1
851 18 1
851 473 1
851 474 1
851 476 1
851 29 1
852 262 1
852 241 1
852 242 1
852 791 1
852 793 1
852 794 1
853 8 1
853 9 1
853 591 1
853 592 1
853 595 1
853 29 1
854 972 1
854 884 1
854 855 1
854 857 1
854 858 1
854 859 1
855 854 1
855 786 1
855 787 1
855 884 1
855 790 1
855 858 1
856 35 1
856 38 1
856 956 1
856 857 1
856 860 1
856 30 1
857 972 1
857 956 1
857 854 1
857 856 1
857 859 1
857 860 1
858 751 1
858 752 1
858 754 1
858 884 1
858 854 1
858 855 1
859 641 1
859 642 1
859 972 1
859 657 1
859 854 1
859 857 1
860 642 1
860 656 1
860 856 1
860 857 1
860 956 1
860 638 1
861 865 1
861 968 1
861 79 1
861 80 1
861 83 1
861 862 1
862 863 1
862 865 1
862 866 1
862 902 1
862 968 1
862 861 1
863 479 1
863 866 1
863 902 1
863 490 1
863 862 1
863 478 1
864 865 1
864 868 1
864 969 1
864 83 1
864 84 1
864 85 1
865 864 1
865 868 1
865 968 1
865 969 1
865 861 1
865 862 1
866 863 1
866 902 1
866 862 1
866 825 1
866 826 1
866 830 1
867 832 1
867 992 1
867 868 1
867 870 1
867 825 1
867 828 1
868 864 1
868 865 1
868 992 1
868 867 1
868 870 1
868 969 1
869 486 1
869 487 1
869 490 1
869 826 1
869 827 1
869 829 1
870 992 1
870 867 1
870 868 1
870 235 1
870 220 1
870 221 1
871 354 1
871 707 1
871 708 1
871 358 1
871 712 1
871 350 1
872 776 1
872 777 1
872 779 1
872 18 1
872 19 1
872 26 1
873 195 1
873 196 1
873 201 1
873 566 1
873 567 1
873 574 1
874 577 1
874 875 1
874 876 1
874 565 1
874 566 1
874 954 1
875 874 1
875 172 1
875 173 1
875 876 1
875 954 1
875 189 1
876 874 1
876 875 1
876 654 1
876 655 1
876 656 1
876 954 1
877 736 1
877 739 1
877 740 1
877 54 1
877 55 1
877 62 1
878 738 1
878 739 1
878 747 1
878 879 1
878 882 1
878 892 1
879 68 1
879 878 1
879 882 1
879 55 1
879 56 1
879 892 1
880 895 1
880 801 1
880 802 1
880 806 1
880 881 1
880 882 1
881 895 1
881 67 1
881 68 1
881 72 1
881 880 1
881 882 1
882 895 1
882 878 1
882 879 1
882 880 1
882 881 1
882 892 1
883 1 1
883 2 1
883 841 1
883 842 1
883 848 1
883 26 1
884 855 1
884 627 1
884 628 1
884 854 1
884 631 1
884 858 1
885 898 1
885 886 1
885 887 1
885 792 1
885 793 1
885 796 1
886 898 1
886 233 1
886 234 1
886 241 1
886 885 1
886 887 1
887 800 1
887 801 1
887 898 1
887 805 1
887 885 1
887 886 1
888 803 1
888 804 1
888 805 1
888 42 1
888 43 1
888 52 1
889 737 1
889 738 1
889 745 1
889 907 1
889 890 1
889 893 1
890 899 1
890 906 1
890 907 1
890 889 1
890 891 1
890 893 1
891 897 1
891 899 1
891 965 1
891 906 1
891 890 1
891 892 1
892 897 1
892 965 1
892 878 1
892 879 1
892 882 1
892 891 1
893 907 1
893 788 1
893 789 1
893 889 1
893 890 1
893 797 1
894 32 1
894 33 1
894 744 1
894 745 1
894 748 1
894 52 1
895 896 1
895 898 1
895 966 1
895 880 1
895 881 1
895 882 1
896 895 1
896 897 1
896 898 1
896 901 1
896 966 1
896 967 1
897 896 1
897 965 1
897 901 1
897 967 1
897 891 1
897 892 1
898 895 1
898 896 1
898 966 1
898 885 1
898 886 1
898 887 1
899 900 1
899 901 1
899 906 1
899 912 1
899 890 1
899 891 1
900 899 1
900 901 1
900 912 1
900 795 1
900 796 1
900 797 1
901 896 1
901 897 1
901 899 1
901 900 1
901 967 1
901 912 1
902 863 1
902 866 1
902 263 1
902 264 1
902 271 1
902 862 1
903 479 1
903 480 1
903 834 1
903 836 1
903 837 1
903 487 1
904 905 1
904 907 1
904 908 1
904 911 1
904 983 1
904 984 1
905 995 1
905 904 1
905 906 1
905 909 1
905 911 1
905 983 1
906 899 1
906 995 1
906 905 1
906 909 1
906 890 1
906 891 1
907 904 1
907 908 1
907 984 1
907 889 1
907 890 1
907 893 1
908 450 1
908 904 1
908 907 1
908 439 1
908 440 1
908 984 1
909 995 1
909 996 1
909 905 1
909 906 1
909 910 1
909 912 1
910 996 1
910 709 1
910 909 1
910 912 1
910 696 1
910 697 1
911 710 1
911 904 1
911 905 1
911 983 1
911 695 1
911 696 1
912 899 1
912 996 1
912 900 1
912 901 1
912 909 1
912 910 1
913 0 1
913 1 1
913 8 1
913 914 1
913 920 1
913 923 1
914 913 1
914 915 1
914 917 1
914 920 1
914 922 1
914 923 1
915 918 1
915 914 1
915 916 1
915 981 1
915 917 1
915 922 1
916 842 1
916 843 1
916 849 1
916 915 1
916 981 1
916 918 1
917 590 1
917 593 1
917 914 1
917 915 1
917 597 1
917 922 1
918 559 1
918 560 1
918 562 1
918 915 1
918 916 1
918 981 1
919 556 1
919 557 1
919 846 1
919 847 1
919 849 1
919 562 1
920 592 1
920 593 1
920 914 1
920 913 1
920 600 1
920 923 1
921 664 1
921 665 1
921 923 1
921 924 1
921 669 1
921 958 1
922 914 1
922 915 1
922 917 1
922 664 1
922 668 1
922 670 1
923 913 1
923 914 1
923 920 1
923 921 1
923 924 1
923 958 1
924 809 1
924 810 1
924 815 1
924 921 1
924 923 1
924 958 1
925 930 1
925 965 1
925 77 1
925 56 1
925 57 1
925 926 1
926 927 1
926 960 1
926 930 1
926 965 1
926 933 1
926 925 1
927 960 1
927 933 1
927 817 1
927 820 1
927 821 1
927 926 1
928 929 1
928 932 1
928 966 1
928 72 1
928 73 1
928 77 1
929 928 1
929 930 1
929 932 1
929 966 1
929 967 1
929 934 1
930 929 1
930 965 1
930 934 1
930 967 1
930 925 1
930 926 1
931 73 1
931 74 1
931 76 1
931 366 1
931 367 1
931 369 1
932 928 1
932 929 1
932 966 1
932 360 1
932 361 1
932 369 1
933 927 1
933 960 1
933 964 1
933 934 1
933 935 1
933 926 1
934 929 1
934 930 1
934 964 1
934 933 1
934 935 1
934 967 1
935 964 1
935 933 1
935 358 1
935 934 1
935 361 1
935 368 1
936 937 1
936 938 1
936 1005 1
936 974 1
936 943 1
936 945 1
937 936 1
937 938 1
937 1005 1
937 975 1
937 945 1
937 946 1
938 936 1
938 937 1
938 974 1
938 943 1
938 975 1
938 946 1
939 971 1
939 940 1
939 942 1
939 943 1
939 944 1
939 977 1
940 939 1
940 941 1
940 943 1
940 977 1
940 978 1
940 947 1
941 970 1
941 940 1
941 942 1
941 978 1
941 947 1
941 948 1
942 970 1
942 971 1
942 939 1
942 941 1
942 944 1
942 948 1
943 936 1
943 938 1
943 939 1
943 940 1
943 974 1
943 977 1
944 971 1
944 939 1
944 972 1
944 942 1
944 945 1
944 949 1
945 936 1
945 937 1
945 972 1
945 1005 1
945 944 1
945 949 1
946 937 1
946 938 1
946 975 1
946 947 1
946 979 1
946 950 1
947 940 1
947 941 1
947 946 1
947 978 1
947 979 1
947 950 1
948 970 1
948 973 1
948 941 1
948 942 1
948 949 1
948 950 1
949 972 1
949 973 1
949 944 1
949 945 1
949 948 1
949 950 1
950 973 1
950 946 1
950 979 1
950 948 1
950 949 1
950 947 1
951 385 1
951 386 1
951 677 1
951 389 1
951 678 1
951 680 1
952 676 1
952 677 1
952 683 1
952 497 1
952 499 1
952 509 1
953 835 1
953 836 1
953 389 1
953 838 1
953 392 1
953 394 1
954 874 1
954 875 1
954 876 1
954 1005 1
954 955 1
954 956 1
955 173 1
955 174 1
955 1005 1
955 179 1
955 954 1
955 956 1
956 1005 1
956 856 1
956 857 1
956 954 1
956 955 1
956 860 1
957 959 1
957 970 1
957 623 1
957 624 1
957 637 1
957 958 1
958 959 1
958 970 1
958 921 1
958 923 1
958 924 1
958 957 1
959 808 1
959 809 1
959 970 1
959 814 1
959 957 1
959 958 1
960 927 1
960 961 1
960 962 1
960 995 1
960 933 1
960 926 1
961 960 1
961 321 1
961 962 1
961 995 1
961 313 1
961 314 1
962 960 1
962 961 1
962 963 1
962 995 1
962 996 1
962 964 1
963 962 1
963 996 1
963 964 1
963 712 1
963 697 1
963 698 1
964 962 1
964 963 1
964 996 1
964 933 1
964 934 1
964 935 1
965 897 1
965 930 1
965 891 1
965 892 1
965 925 1
965 926 1
966 895 1
966 896 1
966 929 1
966 898 1
966 928 1
966 932 1
967 896 1
967 929 1
967 897 1
967 930 1
967 901 1
967 934 1
968 865 1
968 722 1
968 724 1
968 726 1
968 861 1
968 862 1
969 864 1
969 865 1
969 868 1
969 725 1
969 726 1
969 727 1
970 959 1
970 941 1
970 942 1
970 948 1
970 957 1
970 958 1
971 939 1
971 942 1
971 623 1
971 944 1
971 626 1
971 628 1
972 944 1
972 945 1
972 949 1
972 854 1
972 857 1
972 859 1
973 807 1
973 808 1
973 812 1
973 948 1
973 949 1
973 950 1
974 936 1
974 938 1
974 943 1
974 976 1
974 977 1
975 576 1
975 937 1
975 938 1
975 946 1
975 564 1
975 565 1
976 974 1
976 977 1
976 661 1
976 663 1
976 666 1
977 939 1
977 940 1
977 974 1
977 943 1
977 976 1
978 674 1
978 940 1
978 941 1
978 947 1
978 665 1
978 666 1
979 575 1
979 576 1
979 578 1
979 946 1
979 947 1
979 950 1
980 742 1
980 743 1
980 744 1
980 783 1
980 784 1
980 785 1
981 768 1
981 915 1
981 916 1
981 918 1
981 765 1
981 766 1
982 310 1
982 311 1
982 984 1
982 985 1
982 315 1
983 319 1
983 904 1
983 905 1
983 911 1
983 310 1
983 314 1
984 904 1
984 907 1
984 908 1
984 982 1
984 985 1
985 625 1
985 626 1
985 629 1
985 982 1
985 984 1
986 1007 1
986 818 1
986 819 1
986 824 1
986 987 1
986 988 1
987 420 1
987 421 1
987 428 1
987 1007 1
987 986 1
987 988 1
988 417 1
988 1007 1
988 403 1
988 404 1
988 986 1
988 987 1
989 130 1
989 502 1
989 497 1
989 498 1
989 118 1
989 122 1
990 264 1
990 265 1
990 723 1
990 275 1
990 724 1
990 732 1
991 992 1
991 993 1
991 1002 1
991 727 1
991 728 1
991 731 1
992 991 1
992 993 1
992 867 1
992 868 1
992 870 1
992 1002 1
993 991 1
993 992 1
993 1002 1
993 273 1
993 274 1
993 283 1
994 274 1
994 275 1
994 284 1
994 731 1
994 732 1
994 734 1
995 960 1
995 961 1
995 962 1
995 905 1
995 906 1
995 909 1
996 962 1
996 963 1
996 964 1
996 909 1
996 910 1
996 912 1
997 998 1
997 999 1
997 1000 1
997 1001 1
997 1007 1
998 997 1
998 1000 1
998 720 1
998 721 1
998 723 1
999 997 1
999 1001 1
999 719 1
999 720 1
999 1007 1
999 734 1
1000 997 1
1000 998 1
1000 265 1
1000 266 1
1000 269 1
1001 997 1
1001 999 1
1001 269 1
1001 270 1
1001 1007 1
1001 284 1
1002 991 1
1002 992 1
1002 993 1
1002 687 1
1002 688 1
1002 694 1
1003 619 1
1003 844 1
1003 620 1
1003 622 1
1003 847 1
1003 845 1
1004 675 1
1004 676 1
1004 682 1
1004 118 1
1004 119 1
1004 123 1
1005 936 1
1005 937 1
1005 945 1
1005 954 1
1005 955 1
1005 956 1
1006 767 1
1006 840 1
1006 843 1
1006 844 1
1006 764 1
1006 765 1
1007 997 1
1007 999 1
1007 1001 1
1007 986 1
1007 987 1
1007 988 1
