0 1 1
0 132 1
0 5 1
0 6 1
0 4 1
0 8 1
0 10 1
0 11 1
0 303 1
0 561 1
0 533 1
0 502 1
0 220 1
0 477 1
1 0 1
1 449 1
1 4 1
1 7 1
1 8 1
1 9 1
1 309 1
1 533 1
1 376 1
1 505 1
2 351 1
2 3 1
2 4 1
2 5 1
2 7 1
2 136 1
2 9 1
2 11 1
2 307 1
2 345 1
2 347 1
2 350 1
3 2 1
3 5 1
3 6 1
3 8 1
3 9 1
3 10 1
3 446 1
3 138 1
3 464 1
3 465 1
3 347 1
3 222 1
4 0 1
4 1 1
4 2 1
4 7 1
4 11 1
4 303 1
4 306 1
4 307 1
4 309 1
4 310 1
5 0 1
5 2 1
5 3 1
5 132 1
5 133 1
5 135 1
5 136 1
5 138 1
5 10 1
5 11 1
6 0 1
6 3 1
6 8 1
6 10 1
6 464 1
6 221 1
6 477 1
6 478 1
7 1 1
7 2 1
7 4 1
7 9 1
7 306 1
7 376 1
7 345 1
7 379 1
8 0 1
8 1 1
8 450 1
8 3 1
8 6 1
8 9 1
8 465 1
8 502 1
8 505 1
8 478 1
9 449 1
9 2 1
9 1 1
9 3 1
9 450 1
9 7 1
9 446 1
9 8 1
9 379 1
9 350 1
10 0 1
10 3 1
10 133 1
10 5 1
10 6 1
10 220 1
10 221 1
10 222 1
11 351 1
11 0 1
11 2 1
11 4 1
11 5 1
11 135 1
11 561 1
11 310 1
12 451 1
12 486 1
12 73 1
12 13 1
12 557 1
12 17 1
12 401 1
12 19 1
12 20 1
12 21 1
12 18 1
12 531 1
13 451 1
13 455 1
13 12 1
13 16 1
13 17 1
13 18 1
13 404 1
13 311 1
14 319 1
14 483 1
14 484 1
14 356 1
14 15 1
14 16 1
14 17 1
14 403 1
14 20 1
14 19 1
15 354 1
15 356 1
15 357 1
15 74 1
15 14 1
15 16 1
15 18 1
15 19 1
15 21 1
15 312 1
16 319 1
16 13 1
16 14 1
16 15 1
16 17 1
16 18 1
16 311 1
16 312 1
16 317 1
16 318 1
17 12 1
17 13 1
17 14 1
17 16 1
17 401 1
17 403 1
17 404 1
17 20 1
17 408 1
17 318 1
18 354 1
18 455 1
18 12 1
18 13 1
18 76 1
18 15 1
18 16 1
18 531 1
18 21 1
18 317 1
19 483 1
19 357 1
19 12 1
19 557 1
19 14 1
19 15 1
19 492 1
19 81 1
19 20 1
19 21 1
20 484 1
20 486 1
20 12 1
20 492 1
20 14 1
20 17 1
20 19 1
20 408 1
21 73 1
21 74 1
21 76 1
21 12 1
21 15 1
21 81 1
21 18 1
21 19 1
22 31 1
22 512 1
22 358 1
22 23 1
22 472 1
22 25 1
22 26 1
22 540 1
22 30 1
23 544 1
23 32 1
23 25 1
23 359 1
23 22 1
23 24 1
23 473 1
23 26 1
23 28 1
24 544 1
24 33 1
24 546 1
24 360 1
24 23 1
24 26 1
24 28 1
24 29 1
25 38 1
25 475 1
25 22 1
25 23 1
25 472 1
25 473 1
25 474 1
25 27 1
25 28 1
25 30 1
26 31 1
26 358 1
26 359 1
26 360 1
26 361 1
26 365 1
26 22 1
26 23 1
26 24 1
26 29 1
27 31 1
27 514 1
27 35 1
27 586 1
27 29 1
27 25 1
27 474 1
27 28 1
27 541 1
27 30 1
28 32 1
28 33 1
28 35 1
28 37 1
28 38 1
28 23 1
28 24 1
28 25 1
28 27 1
28 29 1
29 31 1
29 546 1
29 515 1
29 37 1
29 361 1
29 586 1
29 24 1
29 26 1
29 27 1
29 28 1
30 31 1
30 513 1
30 27 1
30 22 1
30 25 1
30 475 1
30 540 1
30 541 1
31 512 1
31 513 1
31 514 1
31 515 1
31 365 1
31 22 1
31 26 1
31 27 1
31 29 1
31 30 1
32 544 1
32 33 1
32 34 1
32 36 1
32 38 1
32 39 1
32 456 1
32 409 1
32 211 1
32 23 1
32 473 1
32 28 1
33 32 1
33 544 1
33 34 1
33 546 1
33 37 1
33 457 1
33 24 1
33 28 1
34 32 1
34 33 1
34 37 1
34 39 1
34 456 1
34 457 1
34 40 1
34 460 1
34 215 1
34 93 1
35 95 1
35 36 1
35 37 1
35 38 1
35 40 1
35 586 1
35 474 1
35 410 1
35 27 1
35 28 1
36 32 1
36 35 1
36 38 1
36 39 1
36 40 1
36 105 1
36 212 1
36 409 1
36 410 1
36 413 1
37 33 1
37 34 1
37 546 1
37 35 1
37 97 1
37 40 1
37 586 1
37 460 1
37 28 1
37 29 1
38 32 1
38 25 1
38 35 1
38 36 1
38 473 1
38 474 1
38 28 1
38 413 1
39 32 1
39 34 1
39 36 1
39 40 1
39 109 1
39 211 1
39 212 1
39 215 1
40 95 1
40 97 1
40 34 1
40 35 1
40 36 1
40 37 1
40 39 1
40 105 1
40 109 1
40 93 1
41 42 1
41 331 1
41 43 1
41 493 1
41 45 1
41 110 1
41 46 1
41 47 1
41 435 1
42 41 1
42 139 1
42 44 1
42 45 1
42 332 1
42 111 1
42 48 1
42 47 1
42 243 1
43 41 1
43 44 1
43 141 1
43 334 1
43 47 1
43 48 1
43 432 1
43 49 1
43 435 1
43 46 1
43 437 1
43 248 1
44 42 1
44 43 1
44 45 1
44 143 1
44 48 1
44 113 1
44 49 1
44 243 1
44 247 1
44 248 1
45 41 1
45 42 1
45 44 1
45 110 1
45 111 1
45 46 1
45 113 1
45 49 1
45 114 1
45 118 1
46 41 1
46 43 1
46 45 1
46 493 1
46 430 1
46 49 1
46 437 1
46 118 1
47 41 1
47 42 1
47 331 1
47 332 1
47 43 1
47 334 1
47 48 1
47 146 1
48 42 1
48 139 1
48 44 1
48 141 1
48 43 1
48 143 1
48 47 1
48 146 1
49 43 1
49 44 1
49 45 1
49 430 1
49 46 1
49 432 1
49 114 1
49 247 1
50 592 1
50 51 1
50 52 1
50 54 1
50 567 1
50 120 1
50 57 1
50 59 1
50 381 1
51 383 1
51 298 1
51 139 1
51 593 1
51 50 1
51 53 1
51 54 1
51 600 1
51 57 1
51 58 1
51 56 1
52 127 1
52 55 1
52 259 1
52 301 1
52 145 1
52 50 1
52 53 1
52 567 1
52 568 1
52 57 1
52 59 1
52 56 1
53 256 1
53 298 1
53 301 1
53 302 1
53 142 1
53 51 1
53 52 1
53 55 1
53 56 1
53 58 1
54 383 1
54 385 1
54 130 1
54 265 1
54 50 1
54 51 1
54 55 1
54 58 1
54 59 1
54 381 1
55 256 1
55 128 1
55 259 1
55 264 1
55 265 1
55 52 1
55 53 1
55 54 1
55 58 1
55 59 1
56 139 1
56 140 1
56 142 1
56 145 1
56 51 1
56 52 1
56 53 1
56 57 1
57 140 1
57 592 1
57 593 1
57 50 1
57 51 1
57 52 1
57 568 1
57 56 1
58 385 1
58 264 1
58 302 1
58 51 1
58 53 1
58 54 1
58 55 1
58 600 1
59 127 1
59 128 1
59 130 1
59 50 1
59 52 1
59 54 1
59 55 1
59 120 1
60 64 1
60 67 1
60 70 1
60 71 1
60 423 1
60 564 1
60 183 1
60 536 1
60 219 1
60 62 1
61 63 1
61 65 1
61 66 1
61 68 1
61 69 1
61 70 1
61 392 1
61 395 1
61 250 1
61 337 1
61 154 1
61 190 1
62 63 1
62 64 1
62 66 1
62 423 1
62 71 1
62 427 1
62 428 1
62 338 1
62 152 1
62 60 1
63 66 1
63 68 1
63 71 1
63 337 1
63 338 1
63 148 1
63 341 1
63 251 1
63 61 1
63 62 1
64 223 1
64 65 1
64 66 1
64 67 1
64 427 1
64 463 1
64 60 1
64 536 1
64 156 1
64 62 1
65 64 1
65 66 1
65 67 1
65 69 1
65 392 1
65 463 1
65 464 1
65 149 1
65 61 1
65 222 1
66 63 1
66 64 1
66 65 1
66 148 1
66 149 1
66 152 1
66 154 1
66 156 1
66 61 1
66 62 1
67 223 1
67 64 1
67 65 1
67 69 1
67 70 1
67 188 1
67 219 1
67 60 1
67 221 1
67 222 1
68 63 1
68 70 1
68 71 1
68 189 1
68 250 1
68 251 1
68 61 1
68 254 1
69 65 1
69 67 1
69 70 1
69 395 1
69 464 1
69 61 1
69 186 1
69 221 1
70 191 1
70 67 1
70 68 1
70 69 1
70 71 1
70 188 1
70 183 1
70 186 1
70 189 1
70 60 1
70 61 1
70 190 1
71 63 1
71 191 1
71 68 1
71 70 1
71 428 1
71 62 1
71 564 1
71 341 1
71 60 1
71 254 1
72 167 1
72 73 1
72 75 1
72 76 1
72 397 1
72 77 1
72 79 1
72 80 1
72 530 1
72 82 1
72 469 1
73 72 1
73 75 1
73 76 1
73 12 1
73 557 1
73 399 1
73 81 1
73 531 1
73 21 1
74 353 1
74 354 1
74 355 1
74 357 1
74 76 1
74 77 1
74 78 1
74 15 1
74 79 1
74 81 1
74 21 1
74 89 1
75 390 1
75 72 1
75 73 1
75 171 1
75 397 1
75 78 1
75 399 1
75 80 1
75 400 1
75 81 1
76 354 1
76 72 1
76 73 1
76 74 1
76 77 1
76 530 1
76 18 1
76 531 1
76 21 1
76 470 1
77 353 1
77 72 1
77 74 1
77 76 1
77 79 1
77 469 1
77 470 1
77 85 1
78 355 1
78 388 1
78 390 1
78 74 1
78 170 1
78 75 1
78 79 1
78 80 1
78 81 1
78 88 1
79 72 1
79 74 1
79 77 1
79 78 1
79 80 1
79 82 1
79 85 1
79 88 1
79 89 1
79 91 1
80 167 1
80 72 1
80 170 1
80 171 1
80 75 1
80 78 1
80 79 1
80 91 1
81 388 1
81 357 1
81 73 1
81 74 1
81 75 1
81 557 1
81 78 1
81 400 1
81 19 1
81 21 1
82 224 1
82 120 1
82 167 1
82 72 1
82 79 1
82 467 1
82 83 1
82 469 1
82 85 1
82 567 1
82 84 1
82 90 1
82 91 1
82 92 1
83 293 1
83 82 1
83 467 1
83 468 1
83 85 1
83 86 1
83 87 1
83 121 1
83 90 1
83 285 1
84 224 1
84 225 1
84 230 1
84 232 1
84 172 1
84 82 1
84 87 1
84 88 1
84 91 1
84 92 1
85 353 1
85 292 1
85 77 1
85 79 1
85 82 1
85 83 1
85 468 1
85 469 1
85 86 1
85 89 1
86 290 1
86 292 1
86 293 1
86 294 1
86 83 1
86 85 1
86 87 1
86 88 1
86 89 1
86 284 1
87 287 1
87 286 1
87 230 1
87 83 1
87 84 1
87 92 1
87 86 1
87 88 1
87 90 1
87 284 1
87 285 1
87 126 1
88 287 1
88 355 1
88 294 1
88 232 1
88 170 1
88 78 1
88 79 1
88 84 1
88 86 1
88 87 1
88 89 1
88 91 1
89 353 1
89 290 1
89 355 1
89 74 1
89 79 1
89 85 1
89 86 1
89 88 1
90 127 1
90 82 1
90 83 1
90 87 1
90 120 1
90 121 1
90 92 1
90 126 1
91 167 1
91 170 1
91 172 1
91 79 1
91 80 1
91 82 1
91 84 1
91 88 1
92 127 1
92 225 1
92 90 1
92 82 1
92 84 1
92 567 1
92 87 1
92 286 1
93 96 1
93 97 1
93 34 1
93 100 1
93 103 1
93 40 1
93 460 1
93 461 1
93 429 1
93 462 1
93 109 1
93 215 1
94 95 1
94 96 1
94 97 1
94 159 1
94 99 1
94 107 1
94 108 1
94 150 1
94 151 1
94 153 1
94 157 1
94 158 1
95 159 1
95 97 1
95 98 1
95 35 1
95 482 1
95 40 1
95 105 1
95 586 1
95 107 1
95 591 1
95 410 1
95 94 1
96 97 1
96 99 1
96 100 1
96 102 1
96 587 1
96 204 1
96 461 1
96 238 1
96 431 1
96 157 1
96 93 1
96 94 1
97 95 1
97 96 1
97 37 1
97 40 1
97 586 1
97 587 1
97 460 1
97 153 1
97 93 1
97 94 1
98 95 1
98 448 1
98 481 1
98 482 1
98 387 1
98 104 1
98 105 1
98 106 1
98 107 1
98 108 1
98 297 1
98 412 1
99 96 1
99 101 1
99 102 1
99 202 1
99 204 1
99 205 1
99 108 1
99 207 1
99 150 1
99 94 1
100 96 1
100 102 1
100 103 1
100 234 1
100 429 1
100 431 1
100 433 1
100 93 1
101 287 1
101 288 1
101 289 1
101 99 1
101 102 1
101 103 1
101 104 1
101 106 1
101 108 1
101 205 1
101 237 1
101 284 1
102 96 1
102 99 1
102 100 1
102 101 1
102 103 1
102 202 1
102 234 1
102 237 1
102 238 1
102 242 1
103 289 1
103 386 1
103 100 1
103 101 1
103 102 1
103 104 1
103 109 1
103 462 1
103 433 1
103 242 1
103 213 1
103 93 1
104 287 1
104 98 1
104 387 1
104 386 1
104 101 1
104 294 1
104 103 1
104 389 1
104 105 1
104 106 1
104 109 1
104 214 1
105 95 1
105 98 1
105 36 1
105 389 1
105 40 1
105 104 1
105 109 1
105 212 1
105 410 1
105 412 1
106 98 1
106 101 1
106 294 1
106 104 1
106 297 1
106 296 1
106 108 1
106 284 1
107 95 1
107 447 1
107 481 1
107 98 1
107 108 1
107 591 1
107 151 1
107 94 1
108 447 1
108 448 1
108 288 1
108 98 1
108 99 1
108 101 1
108 296 1
108 106 1
108 107 1
108 207 1
108 94 1
108 158 1
109 39 1
109 40 1
109 103 1
109 104 1
109 105 1
109 212 1
109 213 1
109 214 1
109 215 1
109 93 1
110 583 1
110 41 1
110 45 1
110 493 1
110 111 1
110 112 1
110 118 1
110 119 1
110 570 1
111 584 1
111 42 1
111 45 1
111 110 1
111 175 1
111 113 1
111 115 1
111 243 1
111 116 1
111 119 1
111 602 1
112 494 1
112 110 1
112 114 1
112 434 1
112 116 1
112 117 1
112 118 1
112 119 1
112 570 1
112 572 1
112 573 1
112 574 1
113 247 1
113 44 1
113 45 1
113 111 1
113 114 1
113 179 1
113 243 1
113 115 1
113 117 1
113 245 1
114 45 1
114 430 1
114 431 1
114 112 1
114 49 1
114 434 1
114 113 1
114 117 1
114 118 1
114 247 1
115 111 1
115 175 1
115 113 1
115 178 1
115 179 1
115 116 1
115 181 1
115 117 1
116 585 1
116 111 1
116 112 1
116 115 1
116 181 1
116 598 1
116 117 1
116 602 1
116 119 1
116 572 1
117 598 1
117 431 1
117 112 1
117 113 1
117 114 1
117 178 1
117 115 1
117 245 1
117 116 1
117 573 1
118 493 1
118 110 1
118 45 1
118 112 1
118 46 1
118 494 1
118 430 1
118 114 1
119 583 1
119 584 1
119 585 1
119 110 1
119 111 1
119 112 1
119 116 1
119 574 1
120 127 1
120 322 1
120 130 1
120 266 1
120 123 1
120 50 1
120 82 1
120 467 1
120 567 1
120 121 1
120 90 1
120 59 1
120 124 1
120 381 1
121 417 1
121 129 1
121 90 1
121 268 1
121 83 1
121 467 1
121 279 1
121 120 1
121 122 1
121 124 1
121 285 1
121 126 1
122 128 1
122 257 1
122 129 1
122 274 1
122 275 1
122 278 1
122 279 1
122 121 1
122 282 1
122 123 1
122 125 1
122 126 1
123 129 1
123 322 1
123 130 1
123 325 1
123 327 1
123 329 1
123 122 1
123 273 1
123 120 1
123 282 1
123 124 1
123 125 1
124 129 1
124 266 1
124 267 1
124 268 1
124 273 1
124 120 1
124 121 1
124 123 1
125 128 1
125 384 1
125 130 1
125 325 1
125 262 1
125 278 1
125 122 1
125 123 1
126 127 1
126 128 1
126 260 1
126 122 1
126 275 1
126 87 1
126 121 1
126 90 1
126 285 1
126 286 1
127 128 1
127 286 1
127 259 1
127 52 1
127 567 1
127 120 1
127 90 1
127 59 1
127 92 1
127 126 1
128 127 1
128 257 1
128 130 1
128 259 1
128 260 1
128 262 1
128 265 1
128 55 1
128 122 1
128 59 1
128 125 1
128 126 1
129 417 1
129 327 1
129 267 1
129 274 1
129 121 1
129 122 1
129 123 1
129 124 1
130 384 1
130 381 1
130 128 1
130 329 1
130 265 1
130 123 1
130 54 1
130 120 1
130 59 1
130 125 1
131 575 1
131 132 1
131 133 1
131 134 1
131 135 1
131 137 1
131 560 1
131 536 1
131 219 1
132 0 1
132 131 1
132 5 1
132 133 1
132 135 1
132 561 1
132 220 1
133 223 1
133 131 1
133 132 1
133 5 1
133 137 1
133 10 1
133 138 1
133 219 1
133 220 1
133 222 1
134 575 1
134 131 1
134 135 1
134 136 1
134 137 1
134 563 1
134 343 1
134 537 1
135 351 1
135 131 1
135 132 1
135 5 1
135 134 1
135 136 1
135 11 1
135 560 1
135 561 1
135 563 1
136 351 1
136 352 1
136 2 1
136 5 1
136 134 1
136 135 1
136 137 1
136 138 1
136 343 1
136 347 1
137 223 1
137 352 1
137 131 1
137 133 1
137 134 1
137 136 1
137 138 1
137 463 1
137 536 1
137 537 1
138 3 1
138 133 1
138 5 1
138 136 1
138 137 1
138 463 1
138 347 1
138 222 1
139 298 1
139 42 1
139 332 1
139 140 1
139 142 1
139 143 1
139 48 1
139 593 1
139 146 1
139 51 1
139 243 1
139 56 1
140 229 1
140 139 1
140 333 1
140 141 1
140 568 1
140 593 1
140 146 1
140 147 1
140 145 1
140 438 1
140 56 1
140 57 1
141 228 1
141 43 1
141 140 1
141 334 1
141 143 1
141 48 1
141 144 1
141 146 1
141 147 1
141 240 1
141 438 1
141 248 1
142 298 1
142 139 1
142 236 1
142 301 1
142 143 1
142 144 1
142 145 1
142 53 1
142 246 1
142 56 1
143 233 1
143 139 1
143 44 1
143 141 1
143 142 1
143 48 1
143 144 1
143 243 1
143 246 1
143 248 1
144 231 1
144 233 1
144 236 1
144 141 1
144 142 1
144 143 1
144 240 1
144 239 1
144 145 1
144 147 1
145 225 1
145 140 1
145 301 1
145 142 1
145 239 1
145 144 1
145 147 1
145 52 1
145 568 1
145 56 1
146 139 1
146 332 1
146 333 1
146 140 1
146 47 1
146 48 1
146 141 1
146 334 1
147 225 1
147 228 1
147 229 1
147 231 1
147 140 1
147 141 1
147 144 1
147 145 1
148 63 1
148 66 1
148 206 1
148 336 1
148 337 1
148 338 1
148 342 1
148 150 1
148 152 1
148 153 1
148 154 1
148 157 1
149 65 1
149 66 1
149 392 1
149 446 1
149 463 1
149 210 1
149 466 1
149 150 1
149 151 1
149 154 1
149 156 1
149 158 1
150 158 1
150 99 1
150 200 1
150 204 1
150 206 1
150 207 1
150 210 1
150 148 1
150 149 1
150 154 1
150 157 1
150 94 1
151 447 1
151 159 1
151 158 1
151 518 1
151 107 1
151 591 1
151 155 1
151 466 1
151 149 1
151 539 1
151 156 1
151 94 1
152 66 1
152 424 1
152 425 1
152 427 1
152 338 1
152 148 1
152 153 1
152 155 1
152 156 1
152 62 1
153 159 1
153 97 1
153 515 1
153 425 1
153 586 1
153 587 1
153 148 1
153 342 1
153 152 1
153 155 1
153 157 1
153 94 1
154 66 1
154 392 1
154 200 1
154 337 1
154 148 1
154 149 1
154 150 1
154 61 1
155 159 1
155 514 1
155 515 1
155 517 1
155 518 1
155 424 1
155 151 1
155 152 1
155 153 1
155 156 1
156 64 1
156 66 1
156 517 1
156 427 1
156 463 1
156 155 1
156 149 1
156 151 1
156 152 1
156 539 1
157 96 1
157 587 1
157 204 1
157 336 1
157 148 1
157 150 1
157 153 1
157 94 1
158 447 1
158 108 1
158 207 1
158 149 1
158 150 1
158 151 1
158 94 1
158 446 1
159 95 1
159 514 1
159 586 1
159 591 1
159 151 1
159 153 1
159 155 1
159 94 1
160 162 1
160 163 1
160 164 1
160 165 1
160 166 1
160 298 1
160 589 1
160 175 1
160 243 1
160 249 1
161 578 1
161 163 1
161 164 1
161 165 1
161 166 1
161 162 1
161 299 1
161 176 1
161 244 1
161 253 1
162 160 1
162 161 1
162 164 1
162 166 1
162 175 1
162 176 1
162 179 1
162 180 1
163 160 1
163 161 1
163 164 1
163 165 1
163 298 1
163 299 1
163 300 1
163 246 1
164 160 1
164 161 1
164 162 1
164 163 1
164 243 1
164 244 1
164 179 1
164 246 1
165 160 1
165 161 1
165 578 1
165 163 1
165 166 1
165 300 1
165 589 1
165 252 1
166 160 1
166 161 1
166 162 1
166 165 1
166 180 1
166 249 1
166 252 1
166 253 1
167 224 1
167 72 1
167 169 1
167 168 1
167 171 1
167 172 1
167 397 1
167 526 1
167 80 1
167 82 1
167 91 1
168 167 1
168 169 1
168 171 1
168 173 1
168 398 1
168 527 1
168 174 1
168 211 1
168 569 1
169 227 1
169 167 1
169 168 1
169 172 1
169 173 1
169 526 1
169 527 1
169 528 1
170 386 1
170 390 1
170 232 1
170 171 1
170 172 1
170 173 1
170 78 1
170 174 1
170 80 1
170 214 1
170 88 1
170 91 1
171 390 1
171 167 1
171 168 1
171 170 1
171 75 1
171 397 1
171 398 1
171 174 1
171 80 1
171 218 1
172 224 1
172 226 1
172 227 1
172 167 1
172 232 1
172 169 1
172 170 1
172 173 1
172 84 1
172 91 1
173 386 1
173 226 1
173 168 1
173 169 1
173 170 1
173 172 1
173 174 1
173 528 1
173 213 1
173 569 1
174 168 1
174 170 1
174 171 1
174 173 1
174 211 1
174 213 1
174 214 1
174 218 1
175 160 1
175 162 1
175 111 1
175 179 1
175 115 1
175 243 1
175 181 1
175 565 1
175 182 1
175 249 1
175 602 1
175 180 1
176 161 1
176 162 1
176 579 1
176 177 1
176 178 1
176 179 1
176 244 1
176 339 1
176 180 1
176 253 1
177 336 1
177 176 1
177 178 1
177 339 1
177 340 1
177 181 1
177 341 1
177 180 1
177 182 1
177 251 1
178 579 1
178 598 1
178 336 1
178 177 1
178 176 1
178 115 1
178 179 1
178 117 1
178 245 1
178 181 1
179 162 1
179 164 1
179 175 1
179 176 1
179 113 1
179 178 1
179 115 1
179 243 1
179 244 1
179 245 1
180 162 1
180 166 1
180 175 1
180 176 1
180 177 1
180 182 1
180 249 1
180 251 1
180 253 1
180 254 1
181 566 1
181 175 1
181 177 1
181 178 1
181 115 1
181 340 1
181 116 1
181 598 1
181 182 1
181 602 1
182 566 1
182 175 1
182 177 1
182 180 1
182 341 1
182 565 1
182 181 1
182 254 1
183 191 1
183 70 1
183 60 1
183 564 1
183 184 1
183 185 1
183 219 1
183 188 1
184 477 1
184 183 1
184 440 1
184 185 1
184 186 1
184 187 1
184 188 1
184 220 1
185 191 1
185 441 1
185 565 1
185 183 1
185 184 1
185 249 1
185 187 1
185 189 1
186 69 1
186 70 1
186 395 1
186 221 1
186 187 1
186 184 1
186 443 1
186 188 1
186 477 1
186 190 1
187 255 1
187 185 1
187 440 1
187 396 1
187 184 1
187 441 1
187 186 1
187 443 1
187 189 1
187 190 1
188 67 1
188 70 1
188 183 1
188 184 1
188 186 1
188 219 1
188 220 1
188 221 1
189 255 1
189 191 1
189 254 1
189 68 1
189 70 1
189 249 1
189 185 1
189 250 1
189 187 1
189 190 1
190 70 1
190 395 1
190 396 1
190 189 1
190 250 1
190 186 1
190 187 1
190 61 1
191 70 1
191 71 1
191 564 1
191 565 1
191 183 1
191 185 1
191 189 1
191 254 1
192 479 1
192 193 1
192 195 1
192 196 1
192 197 1
192 198 1
192 304 1
192 401 1
192 562 1
192 497 1
193 479 1
193 192 1
193 194 1
193 195 1
193 197 1
193 305 1
193 402 1
193 346 1
194 351 1
194 193 1
194 195 1
194 196 1
194 197 1
194 198 1
194 307 1
194 344 1
194 346 1
194 348 1
195 192 1
195 193 1
195 194 1
195 198 1
195 304 1
195 305 1
195 307 1
195 310 1
196 192 1
196 194 1
196 197 1
196 198 1
196 497 1
196 501 1
196 406 1
196 348 1
197 192 1
197 193 1
197 194 1
197 196 1
197 401 1
197 402 1
197 406 1
197 344 1
198 351 1
198 192 1
198 194 1
198 195 1
198 196 1
198 562 1
198 501 1
198 310 1
199 578 1
199 579 1
199 261 1
199 200 1
199 201 1
199 202 1
199 235 1
199 203 1
199 393 1
199 206 1
199 204 1
199 339 1
200 199 1
200 391 1
200 393 1
200 394 1
200 203 1
200 392 1
200 206 1
200 208 1
200 337 1
200 210 1
200 150 1
200 154 1
201 257 1
201 258 1
201 260 1
201 261 1
201 199 1
201 263 1
201 202 1
201 203 1
201 205 1
201 208 1
201 241 1
201 209 1
202 99 1
202 102 1
202 199 1
202 201 1
202 235 1
202 204 1
202 205 1
202 238 1
202 237 1
202 241 1
203 258 1
203 578 1
203 199 1
203 200 1
203 201 1
203 391 1
203 208 1
203 504 1
204 96 1
204 99 1
204 579 1
204 199 1
204 202 1
204 238 1
204 206 1
204 336 1
204 150 1
204 157 1
205 288 1
205 99 1
205 260 1
205 101 1
205 201 1
205 202 1
205 237 1
205 207 1
205 209 1
205 275 1
206 199 1
206 200 1
206 204 1
206 336 1
206 337 1
206 339 1
206 148 1
206 150 1
207 158 1
207 288 1
207 450 1
207 99 1
207 108 1
207 205 1
207 208 1
207 209 1
207 210 1
207 277 1
207 150 1
207 446 1
208 450 1
208 263 1
208 200 1
208 201 1
208 394 1
208 203 1
208 207 1
208 209 1
208 465 1
208 210 1
208 276 1
208 504 1
209 257 1
209 201 1
209 205 1
209 207 1
209 208 1
209 275 1
209 276 1
209 277 1
210 200 1
210 392 1
210 207 1
210 208 1
210 465 1
210 149 1
210 150 1
210 446 1
211 32 1
211 39 1
211 168 1
211 456 1
211 556 1
211 493 1
211 174 1
211 398 1
211 409 1
211 569 1
211 212 1
211 213 1
211 215 1
211 216 1
211 217 1
211 218 1
212 36 1
212 389 1
212 39 1
212 105 1
212 109 1
212 211 1
212 214 1
212 216 1
212 409 1
212 411 1
213 386 1
213 103 1
213 217 1
213 173 1
213 109 1
213 174 1
213 462 1
213 495 1
213 211 1
213 214 1
213 215 1
213 569 1
214 386 1
214 388 1
214 389 1
214 390 1
214 104 1
214 170 1
214 109 1
214 174 1
214 212 1
214 213 1
214 216 1
214 218 1
215 34 1
215 39 1
215 456 1
215 459 1
215 109 1
215 462 1
215 211 1
215 213 1
215 217 1
215 93 1
216 388 1
216 556 1
216 400 1
216 211 1
216 212 1
216 214 1
216 218 1
216 411 1
217 459 1
217 493 1
217 495 1
217 211 1
217 213 1
217 215 1
218 390 1
218 171 1
218 398 1
218 174 1
218 400 1
218 211 1
218 214 1
218 216 1
219 223 1
219 131 1
219 67 1
219 133 1
219 188 1
219 183 1
219 536 1
219 60 1
219 220 1
220 0 1
220 132 1
220 133 1
220 10 1
220 221 1
220 184 1
220 219 1
220 188 1
220 477 1
221 67 1
221 69 1
221 6 1
221 10 1
221 464 1
221 188 1
221 186 1
221 220 1
221 477 1
221 222 1
222 223 1
222 65 1
222 3 1
222 67 1
222 133 1
222 10 1
222 138 1
222 463 1
222 464 1
222 221 1
223 64 1
223 67 1
223 133 1
223 137 1
223 463 1
223 536 1
223 219 1
223 222 1
224 225 1
224 227 1
224 229 1
224 167 1
224 172 1
224 526 1
224 592 1
224 82 1
224 84 1
224 567 1
225 224 1
225 229 1
225 230 1
225 231 1
225 239 1
225 145 1
225 147 1
225 84 1
225 567 1
225 568 1
225 92 1
225 286 1
226 289 1
226 386 1
226 227 1
226 228 1
226 230 1
226 231 1
226 232 1
226 172 1
226 173 1
226 528 1
226 242 1
226 436 1
227 224 1
227 226 1
227 228 1
227 229 1
227 169 1
227 172 1
227 526 1
227 528 1
227 529 1
227 439 1
228 226 1
228 227 1
228 229 1
228 231 1
228 141 1
228 240 1
228 147 1
228 436 1
228 438 1
228 439 1
229 224 1
229 225 1
229 227 1
229 228 1
229 140 1
229 592 1
229 529 1
229 147 1
229 438 1
229 568 1
230 287 1
230 225 1
230 226 1
230 289 1
230 231 1
230 232 1
230 237 1
230 84 1
230 87 1
230 286 1
231 225 1
231 226 1
231 228 1
231 230 1
231 237 1
231 239 1
231 144 1
231 240 1
231 242 1
231 147 1
232 287 1
232 226 1
232 386 1
232 230 1
232 170 1
232 172 1
232 84 1
232 88 1
233 234 1
233 235 1
233 236 1
233 238 1
233 143 1
233 144 1
233 240 1
233 244 1
233 245 1
233 246 1
233 247 1
233 248 1
234 100 1
234 102 1
234 233 1
234 238 1
234 431 1
234 432 1
234 240 1
234 433 1
234 242 1
234 247 1
235 579 1
235 261 1
235 199 1
235 233 1
235 202 1
235 299 1
235 236 1
235 238 1
235 241 1
235 244 1
236 256 1
236 233 1
236 235 1
236 299 1
236 301 1
236 142 1
236 239 1
236 144 1
236 241 1
236 246 1
237 289 1
237 260 1
237 101 1
237 230 1
237 231 1
237 102 1
237 202 1
237 205 1
237 239 1
237 241 1
237 242 1
237 286 1
238 96 1
238 579 1
238 102 1
238 233 1
238 202 1
238 234 1
238 204 1
238 235 1
238 431 1
238 245 1
239 225 1
239 259 1
239 231 1
239 236 1
239 301 1
239 237 1
239 144 1
239 145 1
239 241 1
239 286 1
240 228 1
240 231 1
240 233 1
240 234 1
240 141 1
240 144 1
240 432 1
240 242 1
240 436 1
240 248 1
241 256 1
241 259 1
241 260 1
241 261 1
241 201 1
241 202 1
241 235 1
241 236 1
241 237 1
241 239 1
242 289 1
242 226 1
242 102 1
242 103 1
242 231 1
242 234 1
242 237 1
242 240 1
242 433 1
242 436 1
243 160 1
243 164 1
243 42 1
243 139 1
243 44 1
243 298 1
243 111 1
243 143 1
243 113 1
243 175 1
243 179 1
243 246 1
244 161 1
244 579 1
244 164 1
244 233 1
244 235 1
244 299 1
244 176 1
244 179 1
244 245 1
244 246 1
245 579 1
245 233 1
245 238 1
245 431 1
245 113 1
245 178 1
245 179 1
245 244 1
245 117 1
245 247 1
246 163 1
246 164 1
246 233 1
246 298 1
246 299 1
246 236 1
246 142 1
246 143 1
246 243 1
246 244 1
247 233 1
247 234 1
247 44 1
247 431 1
247 432 1
247 49 1
247 114 1
247 113 1
247 245 1
247 248 1
248 233 1
248 43 1
248 44 1
248 141 1
248 143 1
248 240 1
248 432 1
248 247 1
249 255 1
249 160 1
249 166 1
249 589 1
249 175 1
249 441 1
249 180 1
249 565 1
249 185 1
249 252 1
249 189 1
249 254 1
250 255 1
250 68 1
250 391 1
250 393 1
250 189 1
250 396 1
250 337 1
250 61 1
250 251 1
250 252 1
250 253 1
250 190 1
251 63 1
251 68 1
251 177 1
251 337 1
251 339 1
251 180 1
251 341 1
251 250 1
251 253 1
251 254 1
252 255 1
252 578 1
252 165 1
252 166 1
252 391 1
252 589 1
252 442 1
252 249 1
252 250 1
252 253 1
253 161 1
253 578 1
253 166 1
253 393 1
253 176 1
253 339 1
253 180 1
253 250 1
253 251 1
253 252 1
254 191 1
254 68 1
254 71 1
254 180 1
254 565 1
254 182 1
254 341 1
254 249 1
254 251 1
254 189 1
255 249 1
255 396 1
255 442 1
255 441 1
255 250 1
255 187 1
255 252 1
255 189 1
256 258 1
256 259 1
256 261 1
256 264 1
256 299 1
256 236 1
256 300 1
256 301 1
256 302 1
256 241 1
256 53 1
256 55 1
257 128 1
257 260 1
257 262 1
257 263 1
257 201 1
257 209 1
257 275 1
257 276 1
257 278 1
257 122 1
258 256 1
258 578 1
258 261 1
258 263 1
258 264 1
258 201 1
258 203 1
258 300 1
258 590 1
258 504 1
259 127 1
259 128 1
259 256 1
259 260 1
259 301 1
259 239 1
259 241 1
259 52 1
259 55 1
259 286 1
260 128 1
260 257 1
260 259 1
260 286 1
260 201 1
260 205 1
260 237 1
260 241 1
260 275 1
260 126 1
261 256 1
261 578 1
261 258 1
261 199 1
261 201 1
261 235 1
261 299 1
261 241 1
262 128 1
262 257 1
262 384 1
262 263 1
262 264 1
262 265 1
262 559 1
262 278 1
262 503 1
262 125 1
263 257 1
263 258 1
263 262 1
263 264 1
263 201 1
263 208 1
263 276 1
263 503 1
263 504 1
263 507 1
264 256 1
264 385 1
264 258 1
264 262 1
264 263 1
264 265 1
264 302 1
264 590 1
264 559 1
264 55 1
264 58 1
264 507 1
265 128 1
265 384 1
265 130 1
265 385 1
265 262 1
265 264 1
265 54 1
265 55 1
266 322 1
266 551 1
266 268 1
266 269 1
266 270 1
266 272 1
266 273 1
266 467 1
266 596 1
266 469 1
266 120 1
266 124 1
267 415 1
267 416 1
267 129 1
267 418 1
267 417 1
267 327 1
267 268 1
267 269 1
267 271 1
267 272 1
267 273 1
267 124 1
268 417 1
268 266 1
268 267 1
268 272 1
268 467 1
268 468 1
268 121 1
268 124 1
269 416 1
269 581 1
269 266 1
269 267 1
269 555 1
269 270 1
269 271 1
269 272 1
269 596 1
269 471 1
270 551 1
270 328 1
270 554 1
270 266 1
270 555 1
270 269 1
270 271 1
270 273 1
271 415 1
271 581 1
271 326 1
271 554 1
271 267 1
271 269 1
271 270 1
271 273 1
272 418 1
272 266 1
272 267 1
272 268 1
272 269 1
272 468 1
272 469 1
272 471 1
273 322 1
273 326 1
273 327 1
273 328 1
273 266 1
273 267 1
273 270 1
273 271 1
273 123 1
273 124 1
274 417 1
274 129 1
274 420 1
274 421 1
274 422 1
274 295 1
274 327 1
274 122 1
274 277 1
274 279 1
274 280 1
274 281 1
274 282 1
274 283 1
275 288 1
275 257 1
275 260 1
275 205 1
275 209 1
275 277 1
275 279 1
275 281 1
275 122 1
275 284 1
275 285 1
275 126 1
276 257 1
276 450 1
276 263 1
276 208 1
276 209 1
276 277 1
276 278 1
276 503 1
276 280 1
276 505 1
276 506 1
276 283 1
277 288 1
277 449 1
277 450 1
277 422 1
277 296 1
277 207 1
277 209 1
277 274 1
277 275 1
277 276 1
277 281 1
277 283 1
278 257 1
278 325 1
278 262 1
278 122 1
278 276 1
278 503 1
278 280 1
278 282 1
278 125 1
278 510 1
279 417 1
279 293 1
279 281 1
279 274 1
279 275 1
279 121 1
279 122 1
279 285 1
280 324 1
280 421 1
280 274 1
280 506 1
280 276 1
280 278 1
280 282 1
280 283 1
280 509 1
280 510 1
281 293 1
281 295 1
281 296 1
281 274 1
281 275 1
281 277 1
281 279 1
281 284 1
282 324 1
282 325 1
282 327 1
282 274 1
282 278 1
282 280 1
282 122 1
282 123 1
283 449 1
283 420 1
283 274 1
283 276 1
283 277 1
283 280 1
283 505 1
283 509 1
284 287 1
284 288 1
284 293 1
284 101 1
284 294 1
284 296 1
284 106 1
284 275 1
284 86 1
284 87 1
284 281 1
284 285 1
285 293 1
285 83 1
285 275 1
285 279 1
285 121 1
285 87 1
285 284 1
285 126 1
286 127 1
286 225 1
286 259 1
286 260 1
286 230 1
286 237 1
286 239 1
286 87 1
286 92 1
286 126 1
287 289 1
287 386 1
287 101 1
287 294 1
287 230 1
287 232 1
287 104 1
287 87 1
287 88 1
287 284 1
288 101 1
288 296 1
288 108 1
288 205 1
288 207 1
288 275 1
288 277 1
288 284 1
289 287 1
289 226 1
289 386 1
289 101 1
289 230 1
289 103 1
289 237 1
289 242 1
290 353 1
290 291 1
290 292 1
290 356 1
290 355 1
290 294 1
290 297 1
290 86 1
290 312 1
290 89 1
291 319 1
291 320 1
291 290 1
291 292 1
291 295 1
291 296 1
291 297 1
291 312 1
291 313 1
291 315 1
292 353 1
292 290 1
292 291 1
292 418 1
292 293 1
292 295 1
292 468 1
292 85 1
292 86 1
292 315 1
293 417 1
293 292 1
293 295 1
293 83 1
293 468 1
293 86 1
293 279 1
293 281 1
293 284 1
293 285 1
294 287 1
294 290 1
294 355 1
294 387 1
294 104 1
294 297 1
294 106 1
294 86 1
294 88 1
294 284 1
295 417 1
295 418 1
295 291 1
295 292 1
295 293 1
295 422 1
295 296 1
295 313 1
295 274 1
295 281 1
296 320 1
296 288 1
296 448 1
296 291 1
296 422 1
296 295 1
296 297 1
296 106 1
296 108 1
296 277 1
296 281 1
296 284 1
297 319 1
297 448 1
297 98 1
297 290 1
297 291 1
297 356 1
297 387 1
297 294 1
297 296 1
297 106 1
298 160 1
298 163 1
298 139 1
298 300 1
298 589 1
298 142 1
298 302 1
298 51 1
298 243 1
298 53 1
298 246 1
298 600 1
299 256 1
299 161 1
299 578 1
299 163 1
299 261 1
299 235 1
299 236 1
299 300 1
299 244 1
299 246 1
300 256 1
300 578 1
300 258 1
300 163 1
300 165 1
300 298 1
300 299 1
300 589 1
300 590 1
300 302 1
301 256 1
301 259 1
301 236 1
301 142 1
301 239 1
301 145 1
301 52 1
301 53 1
302 256 1
302 264 1
302 298 1
302 300 1
302 590 1
302 53 1
302 600 1
302 58 1
303 0 1
303 547 1
303 4 1
303 304 1
303 561 1
303 308 1
303 309 1
303 533 1
303 310 1
304 479 1
304 192 1
304 195 1
304 548 1
304 303 1
304 305 1
304 562 1
304 308 1
304 310 1
305 479 1
305 480 1
305 193 1
305 195 1
305 304 1
305 306 1
305 307 1
305 308 1
305 374 1
305 346 1
306 4 1
306 7 1
306 305 1
306 307 1
306 308 1
306 309 1
306 374 1
306 375 1
306 376 1
306 345 1
307 351 1
307 2 1
307 195 1
307 4 1
307 194 1
307 305 1
307 306 1
307 310 1
307 345 1
307 346 1
308 480 1
308 547 1
308 548 1
308 303 1
308 304 1
308 305 1
308 306 1
308 309 1
308 534 1
308 375 1
309 1 1
309 4 1
309 303 1
309 306 1
309 308 1
309 533 1
309 534 1
309 376 1
310 351 1
310 195 1
310 4 1
310 198 1
310 11 1
310 303 1
310 304 1
310 561 1
310 562 1
310 307 1
311 321 1
311 453 1
311 454 1
311 455 1
311 13 1
311 16 1
311 314 1
311 404 1
311 378 1
311 316 1
311 317 1
311 318 1
312 319 1
312 353 1
312 290 1
312 354 1
312 291 1
312 356 1
312 15 1
312 16 1
312 315 1
312 317 1
313 320 1
313 416 1
313 418 1
313 419 1
313 291 1
313 321 1
313 422 1
313 295 1
313 380 1
313 314 1
313 315 1
313 316 1
314 320 1
314 321 1
314 375 1
314 377 1
314 311 1
314 313 1
314 378 1
314 379 1
314 380 1
314 318 1
315 353 1
315 418 1
315 291 1
315 292 1
315 470 1
315 471 1
315 312 1
315 313 1
315 316 1
315 317 1
316 416 1
316 321 1
316 471 1
316 454 1
316 550 1
316 532 1
316 311 1
316 313 1
316 315 1
316 317 1
317 354 1
317 455 1
317 16 1
317 18 1
317 532 1
317 470 1
317 311 1
317 312 1
317 315 1
317 316 1
318 319 1
318 320 1
318 311 1
318 16 1
318 17 1
318 403 1
318 404 1
318 407 1
318 377 1
318 314 1
319 320 1
319 448 1
319 291 1
319 356 1
319 297 1
319 14 1
319 16 1
319 403 1
319 312 1
319 318 1
320 319 1
320 448 1
320 291 1
320 422 1
320 296 1
320 407 1
320 313 1
320 314 1
320 379 1
320 318 1
321 311 1
321 419 1
321 453 1
321 550 1
321 375 1
321 313 1
321 314 1
321 316 1
322 323 1
322 551 1
322 328 1
322 329 1
322 266 1
322 273 1
322 120 1
322 123 1
322 381 1
323 322 1
323 324 1
323 580 1
323 326 1
323 325 1
323 328 1
323 552 1
323 329 1
323 558 1
323 508 1
323 382 1
324 511 1
324 323 1
324 325 1
324 326 1
324 327 1
324 421 1
324 280 1
324 282 1
324 508 1
324 510 1
325 384 1
325 323 1
325 324 1
325 329 1
325 558 1
325 278 1
325 282 1
325 123 1
325 125 1
325 510 1
326 511 1
326 415 1
326 323 1
326 580 1
326 324 1
326 327 1
326 328 1
326 554 1
326 271 1
326 273 1
327 415 1
327 129 1
327 324 1
327 421 1
327 326 1
327 267 1
327 273 1
327 274 1
327 282 1
327 123 1
328 322 1
328 323 1
328 326 1
328 551 1
328 552 1
328 554 1
328 270 1
328 273 1
329 384 1
329 322 1
329 130 1
329 323 1
329 325 1
329 123 1
329 381 1
329 382 1
330 331 1
330 332 1
330 333 1
330 526 1
330 335 1
330 592 1
331 41 1
331 330 1
331 332 1
331 334 1
331 47 1
331 335 1
331 527 1
331 435 1
332 330 1
332 42 1
332 139 1
332 331 1
332 333 1
332 47 1
332 593 1
332 146 1
333 330 1
333 332 1
333 140 1
333 334 1
333 335 1
333 592 1
333 593 1
333 146 1
333 529 1
333 438 1
334 43 1
334 331 1
334 333 1
334 141 1
334 47 1
334 335 1
334 146 1
334 435 1
334 438 1
334 439 1
335 330 1
335 331 1
335 333 1
335 526 1
335 527 1
335 334 1
335 529 1
335 439 1
336 579 1
336 587 1
336 204 1
336 206 1
336 177 1
336 178 1
336 339 1
336 148 1
336 340 1
336 598 1
336 342 1
336 157 1
337 63 1
337 200 1
337 393 1
337 154 1
337 206 1
337 339 1
337 148 1
337 250 1
337 251 1
337 61 1
338 63 1
338 425 1
338 426 1
338 428 1
338 148 1
338 341 1
338 342 1
338 340 1
338 152 1
338 62 1
339 579 1
339 199 1
339 393 1
339 206 1
339 176 1
339 177 1
339 336 1
339 337 1
339 251 1
339 253 1
340 598 1
340 426 1
340 588 1
340 336 1
340 177 1
340 338 1
340 181 1
340 566 1
340 341 1
340 342 1
341 63 1
341 566 1
341 71 1
341 428 1
341 177 1
341 338 1
341 340 1
341 182 1
341 251 1
341 254 1
342 425 1
342 587 1
342 588 1
342 336 1
342 338 1
342 148 1
342 340 1
342 153 1
343 351 1
343 352 1
343 577 1
343 134 1
343 136 1
343 498 1
343 563 1
343 537 1
343 348 1
343 349 1
344 194 1
344 197 1
344 377 1
344 402 1
344 405 1
344 406 1
344 407 1
344 345 1
344 346 1
344 348 1
344 349 1
344 350 1
345 2 1
345 7 1
345 306 1
345 307 1
345 374 1
345 344 1
345 377 1
345 346 1
345 379 1
345 350 1
346 193 1
346 194 1
346 305 1
346 402 1
346 307 1
346 374 1
346 344 1
346 345 1
347 352 1
347 2 1
347 3 1
347 350 1
347 136 1
347 138 1
347 463 1
347 466 1
347 349 1
347 446 1
348 351 1
348 194 1
348 196 1
348 498 1
348 500 1
348 501 1
348 406 1
348 343 1
348 344 1
348 349 1
349 447 1
349 352 1
349 577 1
349 539 1
349 466 1
349 500 1
349 405 1
349 343 1
349 344 1
349 347 1
349 348 1
349 350 1
350 447 1
350 349 1
350 2 1
350 9 1
350 407 1
350 344 1
350 345 1
350 347 1
350 379 1
350 446 1
351 2 1
351 194 1
351 198 1
351 135 1
351 136 1
351 11 1
351 307 1
351 563 1
351 501 1
351 310 1
351 343 1
351 348 1
352 136 1
352 137 1
352 463 1
352 343 1
352 537 1
352 347 1
352 539 1
352 349 1
353 290 1
353 354 1
353 292 1
353 74 1
353 77 1
353 85 1
353 470 1
353 312 1
353 89 1
353 315 1
354 353 1
354 74 1
354 76 1
354 15 1
354 18 1
354 470 1
354 312 1
354 317 1
355 290 1
355 387 1
355 388 1
355 357 1
355 294 1
355 356 1
355 74 1
355 78 1
355 88 1
355 89 1
356 319 1
356 290 1
356 355 1
356 387 1
356 483 1
356 357 1
356 297 1
356 14 1
356 15 1
356 312 1
357 355 1
357 388 1
357 483 1
357 356 1
357 74 1
357 15 1
357 81 1
357 19 1
358 512 1
358 582 1
358 423 1
358 359 1
358 363 1
358 364 1
358 365 1
358 366 1
358 22 1
358 601 1
358 26 1
359 544 1
359 358 1
359 583 1
359 360 1
359 362 1
359 366 1
359 23 1
359 570 1
359 26 1
360 544 1
360 545 1
360 546 1
360 359 1
360 361 1
360 362 1
360 24 1
360 26 1
361 546 1
361 515 1
361 360 1
361 425 1
361 362 1
361 363 1
361 588 1
361 364 1
361 365 1
361 26 1
361 571 1
361 29 1
362 545 1
362 359 1
362 360 1
362 361 1
362 363 1
362 366 1
362 570 1
362 571 1
362 572 1
362 574 1
363 358 1
363 361 1
363 362 1
363 426 1
363 588 1
363 364 1
363 585 1
363 366 1
363 601 1
363 572 1
364 358 1
364 423 1
364 424 1
364 425 1
364 426 1
364 361 1
364 363 1
364 365 1
365 31 1
365 512 1
365 515 1
365 358 1
365 424 1
365 361 1
365 364 1
365 26 1
366 582 1
366 359 1
366 583 1
366 358 1
366 362 1
366 585 1
366 363 1
366 574 1
367 485 1
367 368 1
367 369 1
367 370 1
367 371 1
367 472 1
368 556 1
368 367 1
368 473 1
368 369 1
368 370 1
368 372 1
368 373 1
368 409 1
369 486 1
369 557 1
369 367 1
369 368 1
369 371 1
369 373 1
370 367 1
370 368 1
370 371 1
370 372 1
370 472 1
370 473 1
370 476 1
370 413 1
371 485 1
371 486 1
371 492 1
371 367 1
371 369 1
371 370 1
371 372 1
371 373 1
371 476 1
371 414 1
372 368 1
372 370 1
372 371 1
372 373 1
372 409 1
372 411 1
372 413 1
372 414 1
373 492 1
373 556 1
373 557 1
373 368 1
373 369 1
373 371 1
373 372 1
373 411 1
374 480 1
374 452 1
374 377 1
374 305 1
374 306 1
374 346 1
374 402 1
374 375 1
374 345 1
374 378 1
375 480 1
375 321 1
375 419 1
375 534 1
375 453 1
375 306 1
375 378 1
375 308 1
375 374 1
375 376 1
375 314 1
375 380 1
376 1 1
376 449 1
376 420 1
376 7 1
376 306 1
376 309 1
376 534 1
376 375 1
376 379 1
376 380 1
377 314 1
377 402 1
377 404 1
377 374 1
377 407 1
377 344 1
377 345 1
377 378 1
377 379 1
377 318 1
378 311 1
378 452 1
378 453 1
378 404 1
378 374 1
378 375 1
378 377 1
378 314 1
379 320 1
379 449 1
379 422 1
379 7 1
379 9 1
379 345 1
379 407 1
379 376 1
379 377 1
379 314 1
379 380 1
379 350 1
380 419 1
380 420 1
380 422 1
380 375 1
380 376 1
380 313 1
380 314 1
380 379 1
381 383 1
381 322 1
381 130 1
381 329 1
381 50 1
381 54 1
381 120 1
381 382 1
382 383 1
382 384 1
382 385 1
382 323 1
382 329 1
382 558 1
382 599 1
382 381 1
383 385 1
383 51 1
383 54 1
383 600 1
383 381 1
383 382 1
384 385 1
384 130 1
384 325 1
384 262 1
384 265 1
384 329 1
384 558 1
384 559 1
384 125 1
384 382 1
385 383 1
385 384 1
385 264 1
385 265 1
385 559 1
385 54 1
385 599 1
385 600 1
385 58 1
385 382 1
386 287 1
386 289 1
386 226 1
386 103 1
386 104 1
386 232 1
386 170 1
386 173 1
386 213 1
386 214 1
387 98 1
387 483 1
387 355 1
387 356 1
387 294 1
387 388 1
387 104 1
387 297 1
387 389 1
387 412 1
388 355 1
388 387 1
388 389 1
388 483 1
388 357 1
388 390 1
388 78 1
388 400 1
388 81 1
388 214 1
388 216 1
388 411 1
389 387 1
389 388 1
389 104 1
389 105 1
389 212 1
389 214 1
389 411 1
389 412 1
390 388 1
390 170 1
390 171 1
390 75 1
390 78 1
390 400 1
390 214 1
390 218 1
391 578 1
391 200 1
391 393 1
391 394 1
391 203 1
391 396 1
391 250 1
391 504 1
391 442 1
391 252 1
392 65 1
392 200 1
392 394 1
392 395 1
392 464 1
392 465 1
392 210 1
392 149 1
392 154 1
392 61 1
393 578 1
393 199 1
393 200 1
393 391 1
393 337 1
393 339 1
393 250 1
393 253 1
394 391 1
394 200 1
394 392 1
394 395 1
394 396 1
394 208 1
394 465 1
394 504 1
394 445 1
394 478 1
395 190 1
395 69 1
395 392 1
395 394 1
395 396 1
395 464 1
395 186 1
395 443 1
395 61 1
395 478 1
396 255 1
396 391 1
396 394 1
396 395 1
396 250 1
396 443 1
396 442 1
396 187 1
396 445 1
396 190 1
397 167 1
397 72 1
397 171 1
397 75 1
397 398 1
397 399 1
398 168 1
398 171 1
398 556 1
398 397 1
398 399 1
398 400 1
398 211 1
398 218 1
399 73 1
399 75 1
399 397 1
399 398 1
399 557 1
399 400 1
400 388 1
400 390 1
400 75 1
400 556 1
400 557 1
400 398 1
400 399 1
400 81 1
400 216 1
400 218 1
401 479 1
401 192 1
401 451 1
401 197 1
401 486 1
401 12 1
401 17 1
401 402 1
401 497 1
401 404 1
401 406 1
401 408 1
402 479 1
402 193 1
402 452 1
402 197 1
402 401 1
402 404 1
402 374 1
402 344 1
402 377 1
402 346 1
403 319 1
403 448 1
403 481 1
403 484 1
403 14 1
403 17 1
403 405 1
403 407 1
403 408 1
403 318 1
404 451 1
404 452 1
404 13 1
404 17 1
404 401 1
404 402 1
404 311 1
404 377 1
404 378 1
404 318 1
405 447 1
405 481 1
405 408 1
405 490 1
405 403 1
405 500 1
405 406 1
405 407 1
405 344 1
405 349 1
406 196 1
406 197 1
406 408 1
406 489 1
406 401 1
406 497 1
406 500 1
406 405 1
406 344 1
406 348 1
407 447 1
407 320 1
407 448 1
407 350 1
407 403 1
407 405 1
407 344 1
407 377 1
407 379 1
407 318 1
408 484 1
408 486 1
408 489 1
408 490 1
408 17 1
408 401 1
408 403 1
408 20 1
408 405 1
408 406 1
409 32 1
409 36 1
409 556 1
409 368 1
409 211 1
409 212 1
409 372 1
409 473 1
409 411 1
409 413 1
410 95 1
410 482 1
410 35 1
410 36 1
410 488 1
410 105 1
410 474 1
410 412 1
410 413 1
410 414 1
411 483 1
411 388 1
411 389 1
411 556 1
411 492 1
411 212 1
411 372 1
411 373 1
411 216 1
411 409 1
411 412 1
411 414 1
412 98 1
412 387 1
412 483 1
412 389 1
412 482 1
412 484 1
412 105 1
412 410 1
412 411 1
412 414 1
413 36 1
413 38 1
413 409 1
413 370 1
413 410 1
413 372 1
413 473 1
413 474 1
413 476 1
413 414 1
414 476 1
414 484 1
414 488 1
414 492 1
414 371 1
414 372 1
414 410 1
414 411 1
414 412 1
414 413 1
415 511 1
415 416 1
415 419 1
415 420 1
415 581 1
415 326 1
415 327 1
415 549 1
415 421 1
415 267 1
415 271 1
415 535 1
416 415 1
416 418 1
416 419 1
416 581 1
416 550 1
416 267 1
416 269 1
416 471 1
416 313 1
416 316 1
417 129 1
417 418 1
417 293 1
417 295 1
417 267 1
417 268 1
417 274 1
417 468 1
417 279 1
417 121 1
418 416 1
418 417 1
418 292 1
418 295 1
418 267 1
418 272 1
418 468 1
418 471 1
418 313 1
418 315 1
419 415 1
419 416 1
419 321 1
419 420 1
419 549 1
419 550 1
419 534 1
419 375 1
419 313 1
419 380 1
420 415 1
420 449 1
420 419 1
420 421 1
420 422 1
420 274 1
420 534 1
420 535 1
420 376 1
420 283 1
420 380 1
420 509 1
421 415 1
421 511 1
421 324 1
421 420 1
421 327 1
421 274 1
421 280 1
421 509 1
422 320 1
422 449 1
422 420 1
422 295 1
422 296 1
422 274 1
422 277 1
422 313 1
422 379 1
422 380 1
423 512 1
423 358 1
423 424 1
423 426 1
423 427 1
423 364 1
423 428 1
423 564 1
423 536 1
423 601 1
423 60 1
423 62 1
424 512 1
424 515 1
424 517 1
424 423 1
424 425 1
424 427 1
424 364 1
424 365 1
424 152 1
424 155 1
425 515 1
425 424 1
425 361 1
425 426 1
425 364 1
425 588 1
425 338 1
425 342 1
425 152 1
425 153 1
426 423 1
426 425 1
426 363 1
426 588 1
426 364 1
426 428 1
426 338 1
426 340 1
426 566 1
426 601 1
427 64 1
427 517 1
427 423 1
427 424 1
427 536 1
427 152 1
427 156 1
427 62 1
428 71 1
428 423 1
428 426 1
428 338 1
428 564 1
428 341 1
428 566 1
428 62 1
429 100 1
429 458 1
429 459 1
429 461 1
429 462 1
429 430 1
429 431 1
429 433 1
429 434 1
429 93 1
430 459 1
430 429 1
430 494 1
430 495 1
430 46 1
430 49 1
430 114 1
430 433 1
430 434 1
430 432 1
430 118 1
430 437 1
431 96 1
431 100 1
431 234 1
431 461 1
431 238 1
431 429 1
431 114 1
431 434 1
431 117 1
431 245 1
431 247 1
431 573 1
432 234 1
432 43 1
432 430 1
432 240 1
432 49 1
432 433 1
432 436 1
432 437 1
432 247 1
432 248 1
433 100 1
433 103 1
433 234 1
433 429 1
433 462 1
433 495 1
433 430 1
433 432 1
433 242 1
433 436 1
434 458 1
434 429 1
434 430 1
434 494 1
434 112 1
434 431 1
434 114 1
434 573 1
435 41 1
435 43 1
435 331 1
435 493 1
435 334 1
435 527 1
435 436 1
435 437 1
435 439 1
435 569 1
436 226 1
436 228 1
436 495 1
436 432 1
436 240 1
436 242 1
436 433 1
436 435 1
436 437 1
436 528 1
436 439 1
436 569 1
437 43 1
437 493 1
437 430 1
437 46 1
437 432 1
437 495 1
437 435 1
437 436 1
438 228 1
438 229 1
438 140 1
438 333 1
438 141 1
438 334 1
438 529 1
438 439 1
439 227 1
439 228 1
439 334 1
439 335 1
439 527 1
439 528 1
439 529 1
439 435 1
439 436 1
439 438 1
440 443 1
440 477 1
440 502 1
440 599 1
440 184 1
440 441 1
440 187 1
440 444 1
440 445 1
441 255 1
441 249 1
441 440 1
441 589 1
441 600 1
441 185 1
441 442 1
441 187 1
441 444 1
442 255 1
442 391 1
442 396 1
442 589 1
442 590 1
442 504 1
442 441 1
442 252 1
442 445 1
442 444 1
443 445 1
443 395 1
443 396 1
443 440 1
443 186 1
443 187 1
443 477 1
443 478 1
444 440 1
444 590 1
444 599 1
444 600 1
444 441 1
444 442 1
444 507 1
444 445 1
445 394 1
445 504 1
445 396 1
445 507 1
445 502 1
445 440 1
445 442 1
445 443 1
445 444 1
445 478 1
446 447 1
446 450 1
446 3 1
446 350 1
446 9 1
446 207 1
446 465 1
446 210 1
446 466 1
446 149 1
446 347 1
446 158 1
447 158 1
447 448 1
447 481 1
447 350 1
447 107 1
447 108 1
447 466 1
447 405 1
447 407 1
447 151 1
447 349 1
447 446 1
448 319 1
448 320 1
448 447 1
448 98 1
448 481 1
448 296 1
448 297 1
448 108 1
448 403 1
448 407 1
449 1 1
449 450 1
449 420 1
449 422 1
449 9 1
449 277 1
449 379 1
449 376 1
449 505 1
449 283 1
450 449 1
450 8 1
450 9 1
450 207 1
450 208 1
450 465 1
450 276 1
450 277 1
450 505 1
450 446 1
451 479 1
451 548 1
451 452 1
451 453 1
451 455 1
451 454 1
451 12 1
451 13 1
451 401 1
451 531 1
451 404 1
451 597 1
452 479 1
452 480 1
452 451 1
452 453 1
452 402 1
452 404 1
452 374 1
452 378 1
453 480 1
453 321 1
453 451 1
453 548 1
453 452 1
453 375 1
453 550 1
453 454 1
453 311 1
453 378 1
454 451 1
454 453 1
454 550 1
454 455 1
454 532 1
454 597 1
454 311 1
454 316 1
455 451 1
455 454 1
455 13 1
455 18 1
455 531 1
455 532 1
455 311 1
455 317 1
456 32 1
456 544 1
456 34 1
456 457 1
456 458 1
456 459 1
456 493 1
456 211 1
456 215 1
456 570 1
457 544 1
457 33 1
457 34 1
457 546 1
457 545 1
457 456 1
457 458 1
457 460 1
458 545 1
458 456 1
458 457 1
458 459 1
458 460 1
458 429 1
458 494 1
458 461 1
458 434 1
458 570 1
458 571 1
458 573 1
459 456 1
459 458 1
459 429 1
459 493 1
459 430 1
459 494 1
459 495 1
459 462 1
459 215 1
459 217 1
460 97 1
460 34 1
460 546 1
460 37 1
460 457 1
460 458 1
460 587 1
460 461 1
460 571 1
460 93 1
461 96 1
461 573 1
461 458 1
461 587 1
461 460 1
461 429 1
461 431 1
461 93 1
462 103 1
462 459 1
462 429 1
462 495 1
462 433 1
462 213 1
462 215 1
462 93 1
463 223 1
463 64 1
463 65 1
463 352 1
463 137 1
463 138 1
463 539 1
463 466 1
463 149 1
463 347 1
463 156 1
463 222 1
464 65 1
464 3 1
464 69 1
464 6 1
464 392 1
464 478 1
464 395 1
464 465 1
464 221 1
464 222 1
465 450 1
465 3 1
465 8 1
465 392 1
465 394 1
465 478 1
465 208 1
465 464 1
465 210 1
465 446 1
466 447 1
466 463 1
466 149 1
466 151 1
466 347 1
466 539 1
466 349 1
466 446 1
467 266 1
467 268 1
467 82 1
467 83 1
467 468 1
467 469 1
467 120 1
467 121 1
468 417 1
468 418 1
468 292 1
468 293 1
468 268 1
468 272 1
468 83 1
468 467 1
468 85 1
468 469 1
469 470 1
469 72 1
469 266 1
469 77 1
469 272 1
469 82 1
469 467 1
469 468 1
469 85 1
469 596 1
469 471 1
469 530 1
470 353 1
470 354 1
470 76 1
470 77 1
470 530 1
470 532 1
470 469 1
470 471 1
470 315 1
470 317 1
471 416 1
471 470 1
471 418 1
471 269 1
471 272 1
471 596 1
471 469 1
471 532 1
471 315 1
471 316 1
472 540 1
472 485 1
472 367 1
472 473 1
472 370 1
472 22 1
472 25 1
472 475 1
472 476 1
473 32 1
473 25 1
473 38 1
473 368 1
473 370 1
473 23 1
473 472 1
473 409 1
473 413 1
474 35 1
474 38 1
474 475 1
474 488 1
474 541 1
474 25 1
474 410 1
474 27 1
474 476 1
474 413 1
475 476 1
475 487 1
475 472 1
475 25 1
475 474 1
475 540 1
475 541 1
475 30 1
476 485 1
476 487 1
476 488 1
476 370 1
476 371 1
476 472 1
476 474 1
476 475 1
476 413 1
476 414 1
477 0 1
477 6 1
477 440 1
477 502 1
477 184 1
477 186 1
477 443 1
477 220 1
477 221 1
477 478 1
478 477 1
478 6 1
478 8 1
478 394 1
478 395 1
478 464 1
478 465 1
478 502 1
478 443 1
478 445 1
479 192 1
479 193 1
479 480 1
479 451 1
479 452 1
479 548 1
479 304 1
479 305 1
479 401 1
479 402 1
480 479 1
480 452 1
480 453 1
480 548 1
480 305 1
480 308 1
480 374 1
480 375 1
481 447 1
481 448 1
481 98 1
481 482 1
481 484 1
481 490 1
481 107 1
481 591 1
481 403 1
481 405 1
482 95 1
482 481 1
482 98 1
482 484 1
482 488 1
482 591 1
482 410 1
482 412 1
483 387 1
483 356 1
483 357 1
483 388 1
483 484 1
483 492 1
483 14 1
483 19 1
483 411 1
483 412 1
484 481 1
484 482 1
484 483 1
484 488 1
484 490 1
484 492 1
484 14 1
484 403 1
484 20 1
484 408 1
484 412 1
484 414 1
485 540 1
485 486 1
485 487 1
485 489 1
485 491 1
485 367 1
485 496 1
485 594 1
485 371 1
485 472 1
485 476 1
486 485 1
486 489 1
486 12 1
486 492 1
486 557 1
486 401 1
486 369 1
486 371 1
486 20 1
486 497 1
486 408 1
487 543 1
487 476 1
487 485 1
487 488 1
487 490 1
487 491 1
487 475 1
487 540 1
487 541 1
487 542 1
488 482 1
488 484 1
488 487 1
488 490 1
488 591 1
488 474 1
488 410 1
488 476 1
488 541 1
488 414 1
489 485 1
489 486 1
489 490 1
489 491 1
489 496 1
489 497 1
489 499 1
489 500 1
489 406 1
489 408 1
490 543 1
490 481 1
490 484 1
490 487 1
490 488 1
490 489 1
490 491 1
490 591 1
490 595 1
490 500 1
490 405 1
490 408 1
491 485 1
491 487 1
491 489 1
491 490 1
491 594 1
491 499 1
491 595 1
491 542 1
492 483 1
492 484 1
492 486 1
492 557 1
492 371 1
492 19 1
492 20 1
492 373 1
492 411 1
492 414 1
493 456 1
493 41 1
493 459 1
493 110 1
493 46 1
493 494 1
493 495 1
493 435 1
493 211 1
493 437 1
493 118 1
493 569 1
493 217 1
493 570 1
494 458 1
494 459 1
494 493 1
494 430 1
494 112 1
494 434 1
494 118 1
494 570 1
495 459 1
495 493 1
495 462 1
495 430 1
495 433 1
495 569 1
495 436 1
495 437 1
495 213 1
495 217 1
496 575 1
496 485 1
496 489 1
496 560 1
496 497 1
496 498 1
496 594 1
496 499 1
496 501 1
497 192 1
497 196 1
497 486 1
497 489 1
497 496 1
497 401 1
497 562 1
497 501 1
497 406 1
498 575 1
498 576 1
498 577 1
498 496 1
498 499 1
498 500 1
498 563 1
498 501 1
498 343 1
498 348 1
499 576 1
499 489 1
499 491 1
499 496 1
499 594 1
499 498 1
499 500 1
499 595 1
500 577 1
500 489 1
500 490 1
500 498 1
500 499 1
500 595 1
500 405 1
500 406 1
500 348 1
500 349 1
501 351 1
501 196 1
501 198 1
501 496 1
501 560 1
501 497 1
501 562 1
501 498 1
501 563 1
501 348 1
502 0 1
502 477 1
502 8 1
502 599 1
502 558 1
502 533 1
502 503 1
502 440 1
502 505 1
502 506 1
502 507 1
502 508 1
502 445 1
502 478 1
503 262 1
503 263 1
503 507 1
503 558 1
503 559 1
503 276 1
503 502 1
503 506 1
503 278 1
503 510 1
504 258 1
504 263 1
504 391 1
504 394 1
504 203 1
504 590 1
504 208 1
504 442 1
504 507 1
504 445 1
505 449 1
505 1 1
505 450 1
505 8 1
505 276 1
505 533 1
505 502 1
505 506 1
505 283 1
505 509 1
506 276 1
506 502 1
506 503 1
506 280 1
506 505 1
506 508 1
506 509 1
506 510 1
507 263 1
507 264 1
507 599 1
507 590 1
507 559 1
507 502 1
507 503 1
507 504 1
507 444 1
507 445 1
508 511 1
508 323 1
508 324 1
508 580 1
508 558 1
508 533 1
508 502 1
508 506 1
508 509 1
508 510 1
509 511 1
509 420 1
509 421 1
509 533 1
509 535 1
509 280 1
509 505 1
509 506 1
509 283 1
509 508 1
510 324 1
510 325 1
510 558 1
510 278 1
510 503 1
510 280 1
510 506 1
510 508 1
511 415 1
511 324 1
511 580 1
511 421 1
511 326 1
511 535 1
511 508 1
511 509 1
512 31 1
512 513 1
512 516 1
512 517 1
512 358 1
512 423 1
512 424 1
512 365 1
512 594 1
512 22 1
512 536 1
512 540 1
513 31 1
513 512 1
513 543 1
513 514 1
513 516 1
513 518 1
513 542 1
513 540 1
513 541 1
513 30 1
514 31 1
514 159 1
514 513 1
514 515 1
514 518 1
514 586 1
514 591 1
514 155 1
514 27 1
514 541 1
515 31 1
515 514 1
515 424 1
515 361 1
515 425 1
515 586 1
515 365 1
515 153 1
515 155 1
515 29 1
516 512 1
516 513 1
516 517 1
516 518 1
516 594 1
516 595 1
516 538 1
516 542 1
517 512 1
517 516 1
517 518 1
517 424 1
517 427 1
517 539 1
517 536 1
517 538 1
517 155 1
517 156 1
518 543 1
518 513 1
518 514 1
518 516 1
518 517 1
518 591 1
518 595 1
518 151 1
518 155 1
518 539 1
519 551 1
519 521 1
519 522 1
519 525 1
519 596 1
520 547 1
520 580 1
520 552 1
520 521 1
520 522 1
520 523 1
520 524 1
521 548 1
521 519 1
521 520 1
521 553 1
521 522 1
521 523 1
521 525 1
521 597 1
522 519 1
522 520 1
522 551 1
522 521 1
522 552 1
522 553 1
522 555 1
522 525 1
522 554 1
522 524 1
523 547 1
523 548 1
523 549 1
523 550 1
523 520 1
523 521 1
523 524 1
523 525 1
524 580 1
524 549 1
524 581 1
524 520 1
524 522 1
524 523 1
524 554 1
524 525 1
525 581 1
525 550 1
525 519 1
525 521 1
525 522 1
525 555 1
525 523 1
525 524 1
525 596 1
525 597 1
526 224 1
526 227 1
526 167 1
526 169 1
526 330 1
526 335 1
526 527 1
526 592 1
526 529 1
527 168 1
527 169 1
527 331 1
527 526 1
527 335 1
527 528 1
527 435 1
527 439 1
527 569 1
528 226 1
528 227 1
528 169 1
528 173 1
528 527 1
528 436 1
528 439 1
528 569 1
529 227 1
529 229 1
529 333 1
529 526 1
529 335 1
529 592 1
529 438 1
529 439 1
530 72 1
530 76 1
530 531 1
530 596 1
530 469 1
530 470 1
530 532 1
531 451 1
531 455 1
531 73 1
531 12 1
531 76 1
531 18 1
531 530 1
531 532 1
531 597 1
532 454 1
532 455 1
532 530 1
532 531 1
532 596 1
532 597 1
532 470 1
532 471 1
532 316 1
532 317 1
533 0 1
533 1 1
533 502 1
533 547 1
533 580 1
533 303 1
533 309 1
533 534 1
533 535 1
533 505 1
533 508 1
533 509 1
534 419 1
534 420 1
534 547 1
534 549 1
534 535 1
534 308 1
534 309 1
534 533 1
534 375 1
534 376 1
535 415 1
535 511 1
535 580 1
535 420 1
535 549 1
535 533 1
535 534 1
535 509 1
536 223 1
536 64 1
536 512 1
536 575 1
536 131 1
536 517 1
536 423 1
536 137 1
536 427 1
536 594 1
536 537 1
536 538 1
536 219 1
536 60 1
537 575 1
537 352 1
537 576 1
537 577 1
537 134 1
537 137 1
537 343 1
537 536 1
537 538 1
537 539 1
538 576 1
538 516 1
538 517 1
538 594 1
538 595 1
538 536 1
538 537 1
538 539 1
539 352 1
539 577 1
539 517 1
539 518 1
539 463 1
539 466 1
539 595 1
539 151 1
539 537 1
539 538 1
539 156 1
539 349 1
540 512 1
540 513 1
540 485 1
540 487 1
540 542 1
540 594 1
540 22 1
540 472 1
540 475 1
540 30 1
541 543 1
541 513 1
541 514 1
541 487 1
541 488 1
541 27 1
541 591 1
541 474 1
541 475 1
541 30 1
542 543 1
542 513 1
542 516 1
542 487 1
542 491 1
542 594 1
542 595 1
542 540 1
543 513 1
543 518 1
543 487 1
543 490 1
543 591 1
543 595 1
543 541 1
543 542 1
544 32 1
544 33 1
544 545 1
544 359 1
544 456 1
544 360 1
544 457 1
544 23 1
544 24 1
544 570 1
545 544 1
545 546 1
545 360 1
545 457 1
545 362 1
545 458 1
545 570 1
545 571 1
546 33 1
546 545 1
546 37 1
546 360 1
546 457 1
546 361 1
546 460 1
546 24 1
546 571 1
546 29 1
547 580 1
547 549 1
547 548 1
547 520 1
547 523 1
547 303 1
547 308 1
547 533 1
547 534 1
548 479 1
548 480 1
548 451 1
548 547 1
548 453 1
548 550 1
548 521 1
548 523 1
548 304 1
548 308 1
548 597 1
549 415 1
549 419 1
549 580 1
549 547 1
549 581 1
549 550 1
549 523 1
549 524 1
549 534 1
549 535 1
550 416 1
550 321 1
550 419 1
550 548 1
550 453 1
550 454 1
550 581 1
550 549 1
550 523 1
550 525 1
550 597 1
550 316 1
551 322 1
551 519 1
551 328 1
551 553 1
551 266 1
551 522 1
551 555 1
551 552 1
551 270 1
551 596 1
552 323 1
552 580 1
552 551 1
552 328 1
552 520 1
552 522 1
552 553 1
552 554 1
553 551 1
553 552 1
553 521 1
553 522 1
554 580 1
554 581 1
554 326 1
554 328 1
554 552 1
554 522 1
554 555 1
554 524 1
554 270 1
554 271 1
555 581 1
555 551 1
555 522 1
555 554 1
555 269 1
555 525 1
555 270 1
555 596 1
556 557 1
556 398 1
556 400 1
556 368 1
556 211 1
556 373 1
556 216 1
556 409 1
556 411 1
557 486 1
557 73 1
557 492 1
557 12 1
557 556 1
557 399 1
557 400 1
557 81 1
557 369 1
557 19 1
557 373 1
558 384 1
558 323 1
558 325 1
558 382 1
558 599 1
558 559 1
558 502 1
558 503 1
558 508 1
558 510 1
559 384 1
559 385 1
559 262 1
559 264 1
559 599 1
559 558 1
559 503 1
559 507 1
560 575 1
560 131 1
560 135 1
560 496 1
560 561 1
560 562 1
560 563 1
560 501 1
561 0 1
561 132 1
561 135 1
561 11 1
561 303 1
561 560 1
561 562 1
561 310 1
562 192 1
562 198 1
562 304 1
562 497 1
562 560 1
562 561 1
562 501 1
562 310 1
563 351 1
563 575 1
563 134 1
563 135 1
563 560 1
563 498 1
563 501 1
563 343 1
564 191 1
564 71 1
564 423 1
564 428 1
564 565 1
564 566 1
564 183 1
564 601 1
564 60 1
565 191 1
565 566 1
565 185 1
565 175 1
565 564 1
565 182 1
565 249 1
565 602 1
565 254 1
566 426 1
566 428 1
566 340 1
566 181 1
566 341 1
566 564 1
566 182 1
566 601 1
566 602 1
566 565 1
567 127 1
567 224 1
567 225 1
567 568 1
567 592 1
567 82 1
567 50 1
567 52 1
567 120 1
567 92 1
568 225 1
568 229 1
568 140 1
568 592 1
568 145 1
568 52 1
568 567 1
568 57 1
569 168 1
569 173 1
569 493 1
569 495 1
569 527 1
569 528 1
569 211 1
569 435 1
569 213 1
569 436 1
570 544 1
570 545 1
570 359 1
570 456 1
570 583 1
570 362 1
570 458 1
570 493 1
570 110 1
570 494 1
570 112 1
570 574 1
571 545 1
571 546 1
571 361 1
571 362 1
571 458 1
571 460 1
571 588 1
571 587 1
571 572 1
571 573 1
572 585 1
572 362 1
572 363 1
572 588 1
572 112 1
572 116 1
572 598 1
572 571 1
572 573 1
572 574 1
573 458 1
573 587 1
573 461 1
573 431 1
573 112 1
573 434 1
573 117 1
573 598 1
573 571 1
573 572 1
574 583 1
574 585 1
574 362 1
574 366 1
574 112 1
574 119 1
574 570 1
574 572 1
575 576 1
575 131 1
575 134 1
575 496 1
575 560 1
575 498 1
575 563 1
575 594 1
575 536 1
575 537 1
576 575 1
576 577 1
576 594 1
576 498 1
576 499 1
576 595 1
576 537 1
576 538 1
577 576 1
577 498 1
577 595 1
577 500 1
577 343 1
577 537 1
577 539 1
577 349 1
578 161 1
578 258 1
578 165 1
578 261 1
578 199 1
578 391 1
578 393 1
578 203 1
578 299 1
578 300 1
578 252 1
578 253 1
579 199 1
579 235 1
579 204 1
579 238 1
579 176 1
579 336 1
579 178 1
579 339 1
579 244 1
579 245 1
580 511 1
580 323 1
580 547 1
580 549 1
580 326 1
580 520 1
580 552 1
580 554 1
580 524 1
580 533 1
580 535 1
580 508 1
581 415 1
581 416 1
581 549 1
581 550 1
581 554 1
581 555 1
581 524 1
581 269 1
581 525 1
581 271 1
582 358 1
582 583 1
582 584 1
582 585 1
582 366 1
582 601 1
583 582 1
583 359 1
583 584 1
583 366 1
583 110 1
583 119 1
583 570 1
583 574 1
584 582 1
584 583 1
584 585 1
584 111 1
584 119 1
584 602 1
585 582 1
585 584 1
585 363 1
585 366 1
585 116 1
585 119 1
585 601 1
585 602 1
585 572 1
585 574 1
586 95 1
586 159 1
586 97 1
586 514 1
586 35 1
586 515 1
586 37 1
586 153 1
586 27 1
586 29 1
587 96 1
587 97 1
587 598 1
587 460 1
587 461 1
587 588 1
587 336 1
587 342 1
587 153 1
587 157 1
587 571 1
587 573 1
588 598 1
588 425 1
588 426 1
588 363 1
588 361 1
588 587 1
588 340 1
588 342 1
588 571 1
588 572 1
589 160 1
589 165 1
589 249 1
589 298 1
589 300 1
589 590 1
589 600 1
589 441 1
589 442 1
589 252 1
590 258 1
590 264 1
590 300 1
590 589 1
590 302 1
590 600 1
590 504 1
590 442 1
590 507 1
590 444 1
591 95 1
591 159 1
591 481 1
591 514 1
591 482 1
591 543 1
591 518 1
591 488 1
591 490 1
591 107 1
591 151 1
591 541 1
592 224 1
592 229 1
592 330 1
592 333 1
592 526 1
592 529 1
592 50 1
592 593 1
592 567 1
592 568 1
592 57 1
593 139 1
593 332 1
593 333 1
593 140 1
593 592 1
593 51 1
593 57 1
594 575 1
594 512 1
594 576 1
594 516 1
594 485 1
594 491 1
594 496 1
594 499 1
594 536 1
594 538 1
594 540 1
594 542 1
595 543 1
595 576 1
595 577 1
595 516 1
595 518 1
595 490 1
595 491 1
595 499 1
595 500 1
595 538 1
595 539 1
595 542 1
596 519 1
596 551 1
596 266 1
596 555 1
596 269 1
596 525 1
596 530 1
596 532 1
596 469 1
596 597 1
596 471 1
597 451 1
597 548 1
597 550 1
597 454 1
597 521 1
597 525 1
597 531 1
597 532 1
597 596 1
598 587 1
598 588 1
598 336 1
598 178 1
598 116 1
598 117 1
598 181 1
598 340 1
598 572 1
598 573 1
599 385 1
599 558 1
599 559 1
599 600 1
599 502 1
599 440 1
599 507 1
599 444 1
599 382 1
600 383 1
600 385 1
600 298 1
600 589 1
600 302 1
600 590 1
600 51 1
600 599 1
600 441 1
600 58 1
600 444 1
601 582 1
601 423 1
601 358 1
601 585 1
601 426 1
601 363 1
601 564 1
601 566 1
601 602 1
602 584 1
602 585 1
602 111 1
602 175 1
602 116 1
602 565 1
602 566 1
602 181 1
602 601 1
