0 33 1
0 67 1
0 38 1
0 73 1
0 42 1
0 12 1
0 81 1
0 54 1
0 22 1
0 57 1
0 61 1
1 63 1
1 64 1
1 34 1
1 39 1
1 72 1
1 7 1
1 47 1
1 79 1
1 55 1
2 3 1
2 69 1
2 40 1
2 75 1
2 76 1
2 60 1
2 90 1
2 92 1
3 2 1
3 9 1
3 76 1
3 48 1
3 60 1
3 21 1
3 56 1
3 90 1
3 92 1
4 65 1
4 36 1
4 10 1
4 13 1
4 51 1
4 52 1
4 25 1
5 32 1
5 98 1
5 43 1
5 11 1
5 13 1
5 83 1
5 27 1
5 93 1
6 37 1
6 74 1
6 45 1
6 14 1
6 50 1
6 18 1
6 82 1
6 22 1
6 57 1
6 26 1
6 61 1
7 1 1
7 39 1
7 72 1
7 8 1
7 44 1
7 46 1
7 79 1
7 16 1
7 59 1
8 31 1
8 7 1
8 39 1
8 11 1
8 44 1
8 16 1
8 83 1
8 23 1
8 58 1
8 59 1
8 30 1
9 63 1
9 31 1
9 95 1
9 97 1
9 3 1
9 44 1
9 14 1
9 48 1
9 51 1
9 20 1
9 84 1
9 54 1
9 21 1
9 56 1
9 90 1
9 92 1
9 24 1
9 30 1
10 97 1
10 65 1
10 99 1
10 4 1
10 89 1
10 17 1
10 51 1
10 85 1
10 25 1
11 35 1
11 5 1
11 8 1
11 43 1
11 80 1
11 49 1
11 83 1
11 58 1
11 27 1
11 28 1
11 29 1
11 30 1
12 0 1
12 38 1
12 74 1
12 81 1
12 22 1
12 86 1
12 57 1
13 32 1
13 36 1
13 4 1
13 5 1
13 83 1
13 52 1
13 23 1
13 24 1
13 25 1
13 93 1
14 95 1
14 97 1
14 37 1
14 69 1
14 6 1
14 9 1
14 74 1
14 45 1
14 50 1
14 20 1
14 54 1
14 57 1
14 90 1
14 92 1
15 32 1
15 17 1
15 87 1
15 25 1
15 26 1
15 91 1
16 7 1
16 8 1
16 71 1
16 44 1
16 46 1
16 84 1
16 21 1
16 23 1
17 97 1
17 99 1
17 37 1
17 10 1
17 15 1
17 82 1
17 87 1
17 25 1
17 26 1
18 6 1
18 45 1
18 82 1
18 53 1
18 22 1
18 26 1
18 61 1
19 33 1
19 66 1
19 38 1
19 47 1
19 81 1
19 62 1
20 97 1
20 67 1
20 37 1
20 9 1
20 27 1
20 45 1
20 14 1
20 54 1
20 87 1
20 24 1
20 57 1
20 91 1
20 29 1
20 30 1
21 65 1
21 3 1
21 9 1
21 44 1
21 46 1
21 79 1
21 16 1
21 48 1
21 84 1
21 56 1
22 0 1
22 6 1
22 74 1
22 12 1
22 18 1
22 57 1
22 61 1
23 71 1
23 8 1
23 44 1
23 13 1
23 16 1
23 83 1
23 84 1
23 52 1
23 24 1
23 93 1
23 30 1
24 32 1
24 97 1
24 9 1
24 13 1
24 51 1
24 20 1
24 83 1
24 52 1
24 23 1
24 84 1
24 25 1
24 87 1
24 27 1
24 30 1
25 32 1
25 97 1
25 4 1
25 10 1
25 13 1
25 15 1
25 17 1
25 51 1
25 52 1
25 87 1
25 24 1
26 37 1
26 6 1
26 45 1
26 15 1
26 17 1
26 18 1
26 82 1
26 53 1
26 87 1
26 91 1
27 32 1
27 98 1
27 67 1
27 5 1
27 11 1
27 43 1
27 80 1
27 83 1
27 20 1
27 87 1
27 24 1
27 91 1
27 29 1
27 30 1
28 96 1
28 35 1
28 11 1
28 78 1
28 49 1
28 88 1
28 58 1
28 59 1
29 31 1
29 67 1
29 68 1
29 35 1
29 73 1
29 11 1
29 80 1
29 49 1
29 20 1
29 54 1
29 58 1
29 27 1
29 30 1
30 31 1
30 8 1
30 9 1
30 11 1
30 44 1
30 83 1
30 20 1
30 84 1
30 54 1
30 23 1
30 24 1
30 58 1
30 27 1
30 29 1
31 63 1
31 34 1
31 39 1
31 8 1
31 9 1
31 44 1
31 49 1
31 54 1
31 58 1
31 59 1
31 29 1
31 30 1
32 98 1
32 5 1
32 13 1
32 91 1
32 15 1
32 83 1
32 87 1
32 24 1
32 25 1
32 27 1
33 0 1
33 38 1
33 73 1
33 42 1
33 77 1
33 81 1
33 19 1
33 62 1
34 31 1
34 96 1
34 1 1
34 63 1
34 39 1
34 72 1
34 42 1
34 77 1
34 47 1
34 49 1
34 54 1
34 55 1
34 59 1
35 68 1
35 11 1
35 43 1
35 78 1
35 80 1
35 49 1
35 88 1
35 28 1
35 29 1
36 4 1
36 71 1
36 13 1
36 52 1
36 93 1
37 97 1
37 99 1
37 6 1
37 90 1
37 45 1
37 14 1
37 17 1
37 50 1
37 82 1
37 20 1
37 87 1
37 26 1
38 95 1
38 0 1
38 33 1
38 66 1
38 42 1
38 74 1
38 12 1
38 47 1
38 81 1
38 19 1
38 54 1
38 86 1
38 57 1
38 62 1
39 31 1
39 63 1
39 1 1
39 34 1
39 7 1
39 8 1
39 72 1
39 44 1
39 79 1
39 59 1
40 2 1
40 99 1
40 69 1
40 76 1
40 50 1
40 85 1
40 89 1
40 90 1
41 79 1
41 64 1
41 60 1
41 48 1
42 0 1
42 33 1
42 34 1
42 38 1
42 73 1
42 77 1
42 47 1
42 49 1
42 54 1
42 55 1
42 62 1
43 98 1
43 35 1
43 5 1
43 11 1
43 80 1
43 27 1
44 31 1
44 63 1
44 7 1
44 39 1
44 9 1
44 8 1
44 46 1
44 79 1
44 16 1
44 48 1
44 84 1
44 21 1
44 23 1
44 30 1
45 67 1
45 37 1
45 6 1
45 14 1
45 18 1
45 20 1
45 53 1
45 87 1
45 57 1
45 26 1
45 91 1
45 61 1
46 7 1
46 44 1
46 79 1
46 16 1
46 21 1
47 63 1
47 95 1
47 1 1
47 34 1
47 66 1
47 64 1
47 38 1
47 42 1
47 19 1
47 54 1
47 55 1
47 62 1
48 63 1
48 64 1
48 3 1
48 9 1
48 41 1
48 44 1
48 79 1
48 92 1
48 21 1
48 60 1
49 31 1
49 96 1
49 34 1
49 35 1
49 68 1
49 73 1
49 42 1
49 11 1
49 77 1
49 54 1
49 88 1
49 58 1
49 59 1
49 28 1
49 29 1
50 99 1
50 69 1
50 37 1
50 6 1
50 40 1
50 74 1
50 14 1
50 82 1
50 90 1
51 65 1
51 97 1
51 4 1
51 9 1
51 10 1
51 52 1
51 84 1
51 85 1
51 24 1
51 25 1
51 56 1
52 65 1
52 4 1
52 36 1
52 71 1
52 13 1
52 51 1
52 84 1
52 23 1
52 24 1
52 25 1
52 93 1
53 98 1
53 67 1
53 45 1
53 18 1
53 26 1
53 91 1
53 61 1
54 31 1
54 0 1
54 95 1
54 34 1
54 63 1
54 67 1
54 38 1
54 9 1
54 42 1
54 73 1
54 14 1
54 47 1
54 49 1
54 20 1
54 57 1
54 29 1
54 30 1
55 96 1
55 1 1
55 34 1
55 72 1
55 42 1
55 77 1
55 47 1
55 62 1
56 65 1
56 97 1
56 3 1
56 9 1
56 76 1
56 51 1
56 84 1
56 21 1
56 85 1
56 90 1
57 95 1
57 0 1
57 67 1
57 6 1
57 38 1
57 74 1
57 12 1
57 45 1
57 14 1
57 20 1
57 54 1
57 22 1
57 61 1
58 31 1
58 8 1
58 11 1
58 49 1
58 59 1
58 28 1
58 29 1
58 30 1
59 31 1
59 96 1
59 34 1
59 7 1
59 39 1
59 8 1
59 72 1
59 49 1
59 58 1
59 28 1
60 64 1
60 2 1
60 3 1
60 41 1
60 75 1
60 48 1
60 92 1
61 0 1
61 67 1
61 6 1
61 45 1
61 18 1
61 53 1
61 22 1
61 57 1
62 33 1
62 38 1
62 42 1
62 77 1
62 47 1
62 19 1
62 55 1
63 31 1
63 95 1
63 1 1
63 34 1
63 64 1
63 39 1
63 9 1
63 44 1
63 47 1
63 48 1
63 79 1
63 54 1
63 92 1
64 63 1
64 95 1
64 1 1
64 66 1
64 41 1
64 75 1
64 47 1
64 48 1
64 79 1
64 92 1
64 60 1
64 94 1
65 4 1
65 10 1
65 51 1
65 52 1
65 21 1
65 85 1
65 84 1
65 56 1
66 95 1
66 64 1
66 38 1
66 47 1
66 81 1
66 19 1
66 86 1
66 94 1
67 0 1
67 98 1
67 68 1
67 73 1
67 27 1
67 45 1
67 80 1
67 20 1
67 53 1
67 54 1
67 61 1
67 57 1
67 91 1
67 29 1
68 35 1
68 67 1
68 73 1
68 80 1
68 49 1
68 88 1
68 29 1
69 95 1
69 2 1
69 40 1
69 74 1
69 75 1
69 14 1
69 50 1
69 90 1
69 92 1
69 94 1
70 88 1
70 96 1
70 77 1
70 78 1
71 36 1
71 16 1
71 52 1
71 84 1
71 23 1
71 93 1
72 96 1
72 1 1
72 34 1
72 7 1
72 39 1
72 55 1
72 59 1
73 0 1
73 33 1
73 67 1
73 68 1
73 42 1
73 77 1
73 49 1
73 54 1
73 88 1
73 29 1
74 95 1
74 69 1
74 6 1
74 38 1
74 12 1
74 14 1
74 50 1
74 86 1
74 22 1
74 57 1
74 94 1
75 95 1
75 64 1
75 2 1
75 69 1
75 60 1
75 92 1
75 94 1
76 2 1
76 3 1
76 40 1
76 85 1
76 56 1
76 90 1
77 96 1
77 33 1
77 34 1
77 70 1
77 73 1
77 42 1
77 49 1
77 55 1
77 88 1
77 62 1
78 96 1
78 35 1
78 70 1
78 88 1
78 28 1
79 63 1
79 64 1
79 1 1
79 39 1
79 7 1
79 41 1
79 44 1
79 46 1
79 48 1
79 21 1
80 98 1
80 35 1
80 68 1
80 67 1
80 11 1
80 43 1
80 27 1
80 29 1
81 0 1
81 33 1
81 66 1
81 38 1
81 12 1
81 19 1
81 86 1
82 99 1
82 37 1
82 6 1
82 17 1
82 50 1
82 18 1
82 26 1
83 32 1
83 5 1
83 8 1
83 11 1
83 13 1
83 23 1
83 24 1
83 27 1
83 93 1
83 30 1
84 65 1
84 71 1
84 9 1
84 44 1
84 16 1
84 51 1
84 52 1
84 21 1
84 23 1
84 24 1
84 30 1
84 56 1
85 65 1
85 97 1
85 99 1
85 40 1
85 10 1
85 76 1
85 51 1
85 56 1
85 89 1
85 90 1
86 95 1
86 66 1
86 38 1
86 74 1
86 12 1
86 81 1
86 94 1
87 32 1
87 97 1
87 37 1
87 27 1
87 45 1
87 15 1
87 17 1
87 20 1
87 24 1
87 25 1
87 26 1
87 91 1
88 96 1
88 35 1
88 68 1
88 70 1
88 73 1
88 77 1
88 78 1
88 49 1
88 28 1
89 40 1
89 10 1
89 99 1
89 85 1
90 97 1
90 2 1
90 3 1
90 99 1
90 69 1
90 37 1
90 40 1
90 9 1
90 76 1
90 14 1
90 50 1
90 85 1
90 56 1
90 92 1
91 32 1
91 98 1
91 67 1
91 45 1
91 15 1
91 20 1
91 53 1
91 87 1
91 26 1
91 27 1
92 63 1
92 64 1
92 95 1
92 2 1
92 3 1
92 69 1
92 9 1
92 75 1
92 14 1
92 48 1
92 90 1
92 60 1
93 36 1
93 5 1
93 71 1
93 13 1
93 83 1
93 52 1
93 23 1
94 95 1
94 64 1
94 66 1
94 69 1
94 74 1
94 75 1
94 86 1
95 63 1
95 64 1
95 66 1
95 69 1
95 38 1
95 9 1
95 74 1
95 75 1
95 14 1
95 47 1
95 86 1
95 54 1
95 57 1
95 92 1
95 94 1
96 34 1
96 70 1
96 72 1
96 77 1
96 78 1
96 49 1
96 55 1
96 88 1
96 59 1
96 28 1
97 99 1
97 37 1
97 9 1
97 10 1
97 14 1
97 17 1
97 51 1
97 20 1
97 85 1
97 87 1
97 24 1
97 25 1
97 90 1
97 56 1
98 32 1
98 67 1
98 5 1
98 43 1
98 91 1
98 80 1
98 53 1
98 27 1
99 97 1
99 37 1
99 40 1
99 10 1
99 17 1
99 50 1
99 82 1
99 85 1
99 89 1
99 90 1
