0 0 1
0 6 -1
0 7 -1
0 624 -1
1 11 1
1 16 -1
1 21 -1
1 324 -1
2 13 -1
2 14 1
2 22 -1
2 633 -1
3 7 1
3 10 -1
3 22 1
3 634 1
4 0 -1
4 1 1
4 8 1
4 913 1
5 1 -1
5 2 1
5 26 -1
5 883 1
6 18 -1
6 19 1
6 26 1
6 872 1
7 11 -1
7 12 1
7 17 1
7 706 1
8 12 -1
8 13 1
8 28 -1
8 705 1
9 9 -1
9 10 1
9 28 1
9 758 1
10 8 -1
10 9 1
10 29 -1
10 853 1
11 17 -1
11 18 1
11 29 1
11 851 1
12 2 -1
12 3 1
12 27 1
12 494 1
13 3 -1
13 4 1
13 24 -1
13 316 1
14 20 -1
14 21 1
14 24 1
14 318 -1
15 19 -1
15 20 1
15 27 -1
15 495 -1
16 4 -1
16 5 1
16 25 1
16 315 -1
17 5 -1
17 6 1
17 23 -1
17 625 1
18 14 -1
18 15 1
18 23 1
18 636 -1
19 15 -1
19 16 1
19 25 -1
19 322 -1
20 39 -1
20 40 1
20 44 1
20 645 -1
21 30 -1
21 31 1
21 36 1
21 786 1
22 36 -1
22 37 1
22 48 -1
22 639 1
23 40 -1
23 41 1
23 48 1
23 659 -1
24 30 1
24 35 -1
24 38 -1
24 856 1
25 37 -1
25 38 1
25 49 1
25 638 -1
26 44 -1
26 45 1
26 49 -1
26 643 1
27 39 1
27 43 -1
27 47 -1
27 716 -1
28 41 -1
28 42 1
28 50 1
28 792 1
29 42 -1
29 43 1
29 52 -1
29 888 -1
30 32 -1
30 33 1
30 52 1
30 894 -1
31 31 -1
31 32 1
31 50 -1
31 789 -1
32 45 -1
32 46 1
32 51 1
32 185 1
33 46 -1
33 47 1
33 53 1
33 184 -1
34 33 -1
34 34 1
34 53 -1
34 180 1
35 34 -1
35 35 1
35 51 -1
35 179 -1
36 54 -1
36 55 1
36 62 -1
36 877 1
37 54 1
37 58 -1
37 59 1
37 721 -1
38 59 -1
38 60 1
38 65 -1
38 722 -1
39 60 -1
39 61 1
39 63 1
39 79 1
40 61 -1
40 62 1
40 66 1
40 78 -1
41 66 -1
41 67 1
41 71 -1
41 88 1
42 64 -1
42 65 1
42 69 1
42 725 1
43 63 -1
43 64 1
43 75 -1
43 84 -1
44 71 1
44 74 -1
44 75 1
44 91 -1
45 55 -1
45 56 1
45 68 -1
45 879 -1
46 67 -1
46 68 1
46 72 1
46 881 -1
47 57 -1
47 58 1
47 70 -1
47 717 1
48 56 -1
48 57 1
48 77 1
48 925 1
49 72 -1
49 73 1
49 77 -1
49 928 1
50 73 -1
50 74 1
50 76 1
50 931 1
51 69 -1
51 70 1
51 76 -1
51 730 -1
52 79 -1
52 80 1
52 83 1
52 861 1
53 83 -1
53 84 1
53 85 1
53 864 1
54 78 1
54 82 -1
54 92 1
54 799 -1
55 88 -1
55 89 1
55 92 -1
55 802 -1
56 80 -1
56 81 1
56 87 -1
56 478 1
57 81 -1
57 82 1
57 94 -1
57 477 -1
58 89 -1
58 90 1
58 93 1
58 231 -1
59 90 -1
59 91 1
59 95 1
59 232 1
60 85 -1
60 86 1
60 95 -1
60 220 1
61 86 -1
61 87 1
61 96 -1
61 224 -1
62 93 -1
62 94 1
62 96 1
62 260 1
63 98 -1
63 99 1
63 102 1
63 266 -1
64 102 -1
64 103 1
64 112 1
64 268 -1
65 97 1
65 101 -1
65 110 -1
65 834 -1
66 97 -1
66 98 1
66 114 1
66 263 1
67 99 -1
67 100 1
67 105 -1
67 679 1
68 100 -1
68 101 1
68 106 1
68 681 -1
69 106 -1
69 107 1
69 117 1
69 335 1
70 107 -1
70 108 1
70 111 1
70 334 -1
71 103 -1
71 104 1
71 111 -1
71 327 1
72 104 -1
72 105 1
72 117 -1
72 326 -1
73 114 -1
73 115 1
73 116 1
73 280 1
74 112 -1
74 113 1
74 115 -1
74 278 -1
75 108 -1
75 109 1
75 113 -1
75 536 1
76 109 -1
76 110 1
76 116 -1
76 831 1
77 119 -1
77 120 1
77 127 -1
77 762 1
78 128 1
78 132 -1
78 135 -1
78 550 -1
79 124 -1
79 125 1
79 133 -1
79 328 -1
80 128 -1
80 129 1
80 133 1
80 340 -1
81 118 -1
81 119 1
81 123 1
81 1004 -1
82 123 -1
82 124 1
82 141 -1
82 329 1
83 129 -1
83 130 1
83 141 1
83 333 -1
84 118 1
84 122 -1
84 130 -1
84 989 -1
85 125 -1
85 126 1
85 134 1
85 620 -1
86 126 -1
86 127 1
86 136 1
86 767 1
87 136 -1
87 137 1
87 139 1
87 563 1
88 134 -1
88 135 1
88 139 -1
88 551 1
89 121 -1
89 122 1
89 131 1
89 288 -1
90 131 -1
90 132 1
90 140 1
90 308 -1
91 137 -1
91 138 1
91 140 -1
91 309 -1
92 120 -1
92 121 1
92 138 -1
92 289 1
93 142 1
93 146 -1
93 154 -1
93 817 -1
94 153 1
94 156 -1
94 157 1
94 349 1
95 153 -1
95 154 1
95 160 1
95 364 -1
96 160 -1
96 161 1
96 163 1
96 350 -1
97 148 -1
97 149 1
97 163 -1
97 351 1
98 147 -1
98 148 1
98 157 -1
98 348 -1
99 142 -1
99 143 1
99 162 -1
99 492 1
100 161 -1
100 162 1
100 165 -1
100 496 1
101 147 1
101 152 -1
101 158 1
101 540 1
102 149 -1
102 150 1
102 164 1
102 777 -1
103 164 -1
103 165 1
103 166 1
103 495 1
104 143 -1
104 144 1
104 167 -1
104 418 1
105 151 -1
105 152 1
105 168 1
105 434 1
106 150 -1
106 151 1
106 170 -1
106 430 1
107 166 -1
107 167 1
107 170 1
107 429 -1
108 145 -1
108 146 1
108 155 1
108 818 1
109 144 -1
109 145 1
109 171 1
109 421 -1
110 168 -1
110 169 1
110 171 -1
110 435 -1
111 158 -1
111 159 1
111 169 -1
111 545 -1
112 155 -1
112 156 1
112 159 -1
112 690 -1
113 174 -1
113 175 1
113 178 -1
113 781 1
114 173 -1
114 174 1
114 179 1
114 955 -1
115 172 -1
115 173 1
115 189 -1
115 875 -1
116 181 1
116 185 -1
116 189 1
116 713 -1
117 172 1
117 177 -1
117 190 -1
117 196 -1
118 181 -1
118 182 1
118 190 1
118 210 -1
119 182 -1
119 183 1
119 192 -1
119 217 1
120 175 -1
120 176 1
120 186 1
120 388 1
121 176 -1
121 177 1
121 194 -1
121 197 1
122 191 -1
122 192 1
122 194 1
122 218 -1
123 186 -1
123 187 1
123 191 1
123 398 -1
124 178 1
124 180 -1
124 188 -1
124 785 1
125 183 -1
125 184 1
125 193 1
125 714 1
126 187 -1
126 188 1
126 193 -1
126 772 1
127 195 -1
127 196 1
127 201 1
127 873 -1
128 201 -1
128 202 1
128 209 1
128 614 -1
129 202 -1
129 203 1
129 211 1
129 602 1
130 211 -1
130 212 1
130 214 -1
130 601 -1
131 206 -1
131 207 1
131 214 1
131 513 -1
132 209 -1
132 210 1
132 213 -1
132 607 -1
133 212 -1
133 213 1
133 217 -1
133 608 1
134 195 1
134 200 -1
134 204 -1
134 287 -1
135 203 -1
135 204 1
135 215 1
135 293 -1
136 197 -1
136 198 1
136 205 1
136 387 -1
137 205 -1
137 206 1
137 218 1
137 395 1
138 215 -1
138 216 1
138 219 1
138 307 -1
139 207 -1
139 208 1
139 216 -1
139 500 1
140 198 -1
140 199 1
140 208 -1
140 498 -1
141 199 -1
141 200 1
141 219 -1
141 288 1
142 225 -1
142 226 1
142 232 -1
142 367 -1
143 226 -1
143 227 1
143 235 1
143 365 1
144 220 -1
144 221 1
144 235 -1
144 870 -1
145 227 -1
145 228 1
145 238 -1
145 355 1
146 221 -1
146 222 1
146 236 1
146 828 1
147 237 -1
147 238 1
147 244 1
147 466 -1
148 236 -1
148 237 1
148 248 -1
148 520 -1
149 244 -1
149 245 1
149 251 -1
149 467 1
150 222 -1
150 223 1
150 247 1
150 827 -1
151 250 -1
151 251 1
151 254 -1
151 529 1
152 247 -1
152 248 1
152 254 1
152 521 1
153 249 -1
153 250 1
153 256 -1
153 604 1
154 231 1
154 234 -1
154 240 -1
154 800 1
155 239 -1
155 240 1
155 259 -1
155 770 -1
156 249 1
156 253 -1
156 257 -1
156 601 1
157 239 1
157 243 -1
157 257 1
157 616 1
158 225 1
158 230 -1
158 233 1
158 360 1
159 233 -1
159 234 1
159 241 1
159 886 -1
160 245 -1
160 246 1
160 252 1
160 471 1
161 252 -1
161 253 1
161 261 -1
161 603 -1
162 242 -1
162 243 1
162 261 1
162 618 -1
163 241 -1
163 242 1
163 262 -1
163 852 1
164 229 -1
164 230 1
164 262 1
164 359 -1
165 228 -1
165 229 1
165 246 -1
165 357 -1
166 223 -1
166 224 1
166 255 1
166 486 1
167 258 -1
167 259 1
167 260 -1
167 484 1
168 255 -1
168 256 1
168 258 1
168 485 -1
169 267 -1
169 268 1
169 276 1
169 402 -1
170 267 1
170 270 -1
170 281 1
170 403 1
171 272 -1
171 273 1
171 279 1
171 832 1
172 273 -1
172 274 1
172 283 1
172 993 1
173 281 -1
173 282 1
173 283 -1
173 415 1
174 276 -1
174 277 1
174 282 -1
174 414 -1
175 277 -1
175 278 1
175 279 -1
175 535 -1
176 263 -1
176 264 1
176 271 1
176 902 -1
177 271 -1
177 272 1
177 280 -1
177 830 -1
178 265 -1
178 266 1
178 269 1
178 1000 -1
179 264 -1
179 265 1
179 275 -1
179 990 -1
180 274 -1
180 275 1
180 284 -1
180 994 -1
181 269 -1
181 270 1
181 284 1
181 1001 -1
182 285 -1
182 286 1
182 299 1
182 568 1
183 286 -1
183 287 1
183 290 1
183 567 -1
184 296 -1
184 297 1
184 301 1
184 596 1
185 292 -1
185 293 1
185 294 1
185 587 1
186 294 -1
186 295 1
186 306 1
186 552 -1
187 295 -1
187 296 1
187 304 1
187 553 1
188 306 -1
188 307 1
188 308 1
188 558 1
189 290 -1
189 291 1
189 303 1
189 573 1
190 291 -1
190 292 1
190 298 -1
190 582 -1
191 297 -1
191 298 1
191 300 -1
191 583 1
192 299 -1
192 300 1
192 303 -1
192 572 -1
193 285 1
193 289 -1
193 302 -1
193 662 1
194 304 -1
194 305 1
194 309 1
194 561 -1
195 301 -1
195 302 1
195 305 -1
195 672 1
196 311 -1
196 312 1
196 316 -1
196 493 1
197 310 -1
197 311 1
197 315 1
197 982 -1
198 310 1
198 314 -1
198 319 1
198 983 1
199 319 -1
199 320 1
199 322 1
199 695 1
200 312 -1
200 313 1
200 317 1
200 492 -1
201 313 -1
201 314 1
201 321 -1
201 961 -1
202 320 -1
202 321 1
202 323 1
202 698 -1
203 323 -1
203 324 1
203 325 1
203 708 -1
204 317 -1
204 318 1
204 325 -1
204 496 -1
205 327 -1
205 328 1
205 338 1
205 532 -1
206 338 -1
206 339 1
206 341 1
206 514 1
207 334 1
207 337 -1
207 341 -1
207 518 -1
208 339 -1
208 340 1
208 343 -1
208 525 1
209 326 1
209 329 -1
209 330 1
209 682 1
210 330 -1
210 331 1
210 335 -1
210 684 -1
211 331 -1
211 332 1
211 336 1
211 511 1
212 336 -1
212 337 1
212 342 1
212 510 -1
213 342 -1
213 343 1
213 344 1
213 501 -1
214 332 -1
214 333 1
214 344 -1
214 502 1
215 345 1
215 349 -1
215 362 1
215 691 1
216 347 -1
216 348 1
216 356 1
216 457 1
217 351 -1
217 352 1
217 356 -1
217 460 -1
218 362 -1
218 363 1
218 366 1
218 822 -1
219 363 -1
219 364 1
219 368 -1
219 821 1
220 358 1
220 361 -1
220 368 1
220 935 -1
221 350 1
221 354 -1
221 358 -1
221 871 1
222 345 -1
222 346 1
222 365 -1
222 688 -1
223 346 -1
223 347 1
223 355 -1
223 469 1
224 352 -1
224 353 1
224 357 1
224 473 1
225 353 -1
225 354 1
225 359 1
225 850 1
226 366 -1
226 367 1
226 369 1
226 931 -1
227 360 -1
227 361 1
227 369 -1
227 932 1
228 375 1
228 379 -1
228 380 1
228 406 1
229 375 -1
229 376 1
229 382 1
229 534 1
230 370 -1
230 371 1
230 382 -1
230 532 1
231 371 -1
231 372 1
231 380 -1
231 402 1
232 370 1
232 374 -1
232 383 1
232 619 1
233 376 -1
233 377 1
233 383 -1
233 621 1
234 372 -1
234 373 1
234 381 1
234 405 -1
235 373 -1
235 374 1
235 384 -1
235 537 -1
236 377 -1
236 378 1
236 384 1
236 546 -1
237 378 -1
237 379 1
237 381 -1
237 409 -1
238 385 -1
238 386 1
238 389 -1
238 951 1
239 385 1
239 388 -1
239 390 1
239 782 -1
240 386 -1
240 387 1
240 393 1
240 499 1
241 389 1
241 392 -1
241 394 -1
241 953 1
242 395 -1
242 396 1
242 400 1
242 507 -1
243 393 -1
243 394 1
243 400 -1
243 503 1
244 390 -1
244 391 1
244 399 1
244 481 1
245 391 -1
245 392 1
245 401 1
245 480 -1
246 396 -1
246 397 1
246 401 -1
246 485 1
247 397 -1
247 398 1
247 399 -1
247 488 1
248 407 -1
248 408 1
248 410 1
248 686 -1
249 406 -1
249 407 1
249 414 1
249 533 -1
250 408 -1
250 409 1
250 413 -1
250 544 -1
251 410 -1
251 411 1
251 415 -1
251 687 1
252 411 -1
252 412 1
252 417 1
252 693 1
253 412 -1
253 413 1
253 416 1
253 545 1
254 404 -1
254 405 1
254 416 -1
254 538 1
255 403 -1
255 404 1
255 417 -1
255 988 1
256 419 -1
256 420 1
256 423 -1
257 422 -1
257 423 1
257 426 1
257 840 -1
258 422 1
258 425 -1
258 431 -1
258 841 1
259 418 -1
259 419 1
259 424 1
259 493 -1
260 424 -1
260 425 1
260 429 1
260 494 -1
261 426 -1
261 427 1
261 433 -1
261 539 1
262 432 -1
262 433 1
262 434 -1
262 543 -1
263 430 -1
263 431 1
263 432 1
263 780 -1
264 420 -1
264 421 1
264 428 -1
264 987 1
265 427 -1
265 428 1
265 435 1
265 538 -1
266 441 -1
266 442 1
266 445 1
266 630 -1
267 437 -1
267 438 1
267 441 1
267 627 1
268 444 1
268 447 -1
268 449 1
268 699 -1
269 442 -1
269 443 1
269 444 -1
269 700 1
270 436 -1
270 437 1
270 443 -1
270 787 -1
271 436 1
271 440 -1
271 449 -1
271 788 1
272 438 -1
272 439 1
272 448 1
272 629 -1
273 439 -1
273 440 1
273 450 1
273 908 1
274 446 -1
274 447 1
274 450 -1
274 710 -1
275 445 -1
275 446 1
275 448 -1
275 636 1
276 451 -1
276 452 1
276 461 -1
276 523 1
277 452 -1
277 453 1
277 462 1
277 555 1
278 453 -1
278 454 1
278 458 1
278 773 1
279 451 1
279 456 -1
279 466 1
279 522 -1
280 461 1
280 465 -1
280 467 -1
280 528 -1
281 454 -1
281 455 1
281 457 -1
281 689 1
282 455 -1
282 456 1
282 469 -1
282 686 1
283 462 -1
283 463 1
283 468 1
283 557 -1
284 458 -1
284 459 1
284 468 -1
284 775 -1
285 464 -1
285 465 1
285 470 -1
285 552 1
286 463 -1
286 464 1
286 475 1
286 554 -1
287 472 1
287 474 -1
287 475 -1
287 591 1
288 470 1
288 471 -1
288 472 -1
288 589 -1
289 459 -1
289 460 1
289 476 -1
289 776 1
290 473 -1
290 474 1
290 476 1
290 851 -1
291 477 1
291 482 -1
291 483 -1
291 798 1
292 483 1
292 484 -1
292 489 -1
292 771 1
293 478 -1
293 479 1
293 490 1
293 863 -1
294 479 -1
294 480 1
294 487 -1
294 903 -1
295 486 -1
295 487 1
295 490 -1
295 869 1
296 481 -1
296 482 1
296 491 1
296 784 -1
297 488 -1
297 489 1
297 491 -1
297 772 -1
298 503 -1
298 504 1
298 508 1
298 838 -1
299 497 1
299 499 -1
299 509 -1
299 952 -1
300 497 -1
300 498 1
300 502 -1
300 989 1
301 508 -1
301 509 1
301 511 -1
301 839 1
302 500 -1
302 501 1
302 512 1
302 527 1
303 505 -1
303 506 1
303 512 -1
303 529 -1
304 504 -1
304 505 1
304 510 1
304 531 -1
305 506 -1
305 507 1
305 513 1
305 604 -1
306 514 -1
306 515 1
306 524 -1
306 534 -1
307 515 -1
307 516 1
307 522 1
307 533 1
308 516 -1
308 517 1
308 520 1
308 535 1
309 517 -1
309 518 1
309 519 -1
309 536 -1
310 523 -1
310 524 1
310 526 -1
310 549 -1
311 525 -1
311 526 1
311 530 -1
311 550 1
312 527 -1
312 528 1
312 530 1
312 558 -1
313 519 1
313 521 -1
313 531 1
313 833 1
314 540 -1
314 541 1
314 544 1
314 689 -1
315 541 -1
315 542 1
315 546 1
315 773 -1
316 537 1
316 539 -1
316 547 1
316 845 -1
317 542 -1
317 543 1
317 547 -1
317 774 1
318 548 -1
318 549 1
318 555 -1
318 621 -1
319 553 -1
319 554 1
319 559 1
319 590 -1
320 548 1
320 551 -1
320 556 1
320 622 -1
321 559 -1
321 560 1
321 562 1
321 918 -1
322 556 -1
322 557 1
322 562 -1
322 919 1
323 560 -1
323 561 1
323 563 -1
323 768 1
324 564 -1
324 565 1
324 576 -1
324 975 -1
325 570 -1
325 571 1
325 575 1
325 807 1
326 575 -1
326 576 1
326 578 1
326 979 1
327 565 -1
327 566 1
327 577 1
327 874 1
328 566 -1
328 567 1
328 574 -1
328 873 1
329 569 1
329 573 -1
329 574 1
329 813 -1
330 569 -1
330 570 1
330 577 -1
330 811 1
331 564 1
331 568 -1
331 579 -1
331 661 -1
332 578 -1
332 579 1
332 580 -1
332 674 -1
333 571 -1
333 572 1
333 580 1
333 673 1
334 590 1
334 593 -1
334 597 -1
334 917 1
335 588 -1
335 589 1
335 594 1
335 603 1
336 581 1
336 586 -1
336 594 -1
336 617 -1
337 581 -1
337 582 1
337 598 -1
337 615 1
338 587 -1
338 588 1
338 598 1
338 602 -1
339 583 -1
339 584 1
339 599 1
339 671 1
340 596 -1
340 597 1
340 599 -1
340 670 -1
341 584 -1
341 585 1
341 600 -1
341 815 1
342 585 -1
342 586 1
342 595 1
342 816 -1
343 591 -1
343 592 1
343 595 -1
343 853 -1
344 592 -1
344 593 1
344 600 1
344 920 -1
345 606 -1
345 607 1
345 610 -1
345 644 -1
346 613 -1
346 614 1
346 615 -1
346 813 1
347 609 -1
347 610 1
347 613 1
347 647 1
348 609 1
348 612 -1
348 617 1
348 646 -1
349 605 1
349 608 -1
349 616 -1
349 715 -1
350 605 -1
350 606 1
350 611 1
350 645 1
351 611 -1
351 612 1
351 618 1
351 660 1
352 619 -1
352 620 1
352 622 1
352 1003 -1
353 630 1
353 632 -1
353 633 1
353 704 -1
354 627 -1
354 628 1
354 631 1
354 884 -1
355 631 -1
355 632 1
355 635 -1
355 752 -1
356 623 1
356 626 -1
356 628 -1
356 971 1
357 634 -1
357 635 1
357 637 1
357 756 -1
358 623 -1
358 624 1
358 637 -1
358 957 1
359 625 -1
359 626 1
359 629 1
359 985 -1
360 647 -1
360 648 1
360 655 -1
360 811 -1
361 638 1
361 642 -1
361 656 -1
361 860 -1
362 654 -1
362 655 1
362 656 1
362 876 -1
363 643 -1
363 644 1
363 654 1
363 713 1
364 639 -1
364 640 1
364 651 1
364 759 -1
365 646 1
365 650 -1
365 652 -1
365 761 1
366 651 -1
366 652 1
366 658 1
366 760 1
367 658 -1
367 659 1
367 660 -1
367 791 -1
368 648 -1
368 649 1
368 657 -1
368 812 1
369 649 -1
369 650 1
369 653 1
369 755 1
370 640 -1
370 641 1
370 653 -1
370 754 -1
371 641 -1
371 642 1
371 657 1
371 859 -1
372 664 1
372 668 -1
372 670 1
372 922 1
373 664 -1
373 665 1
373 669 -1
373 921 -1
374 669 1
374 671 -1
374 673 -1
374 810 -1
375 661 1
375 663 -1
375 666 -1
375 976 1
376 665 -1
376 666 1
376 674 1
376 978 1
377 662 -1
377 663 1
377 667 1
377 763 -1
378 667 -1
378 668 1
378 672 -1
378 766 -1
379 675 1
379 678 -1
379 679 -1
380 675 -1
380 676 1
380 682 -1
380 1004 1
381 677 -1
381 678 1
381 680 1
381 951 -1
382 676 -1
382 677 1
382 683 1
382 952 1
383 683 -1
383 684 1
383 685 -1
383 839 -1
384 680 -1
384 681 1
384 685 1
384 835 1
385 690 1
385 692 -1
385 693 -1
385 824 1
386 691 -1
386 692 1
386 694 1
386 823 1
387 687 -1
387 688 1
387 694 -1
387 1002 -1
388 700 -1
388 701 1
388 704 1
388 753 1
389 696 -1
389 697 1
389 709 -1
389 910 -1
390 699 1
390 703 -1
390 709 1
390 795 1
391 701 -1
391 702 1
391 705 -1
391 760 -1
392 702 -1
392 703 1
392 711 1
392 794 -1
393 706 -1
393 707 1
393 711 -1
393 850 -1
394 695 -1
394 696 1
394 710 1
394 911 1
395 697 -1
395 698 1
395 712 -1
395 963 -1
396 707 -1
396 708 1
396 712 1
396 871 -1
397 714 -1
397 715 1
397 716 1
397 769 1
398 722 1
398 724 -1
398 726 -1
398 968 1
399 725 -1
399 726 1
399 727 1
399 969 -1
400 727 -1
400 728 1
400 731 1
400 991 1
401 718 -1
401 719 1
401 733 1
401 819 -1
402 728 -1
402 729 1
402 733 -1
402 823 -1
403 717 -1
403 718 1
403 735 -1
403 820 1
404 729 -1
404 730 1
404 735 1
404 822 1
405 719 -1
405 720 1
405 734 -1
405 999 1
406 720 -1
406 721 1
406 723 1
406 998 -1
407 723 -1
407 724 1
407 732 -1
407 990 1
408 731 -1
408 732 1
408 734 1
408 994 1
409 736 -1
409 737 1
409 743 -1
410 736 1
410 739 -1
410 740 1
410 877 -1
411 738 -1
411 739 1
411 747 -1
411 878 1
412 737 -1
412 738 1
412 745 -1
412 889 1
413 740 -1
413 741 1
413 746 1
413 799 1
414 746 -1
414 747 1
414 749 -1
414 806 -1
415 741 -1
415 742 1
415 750 -1
415 798 -1
416 742 -1
416 743 1
416 744 1
416 980 -1
417 744 -1
417 745 1
417 748 1
417 894 1
418 748 -1
418 749 1
418 750 1
418 804 1
419 751 -1
419 752 1
419 754 1
419 858 -1
420 751 1
420 753 -1
420 759 1
420 790 1
421 757 1
421 758 -1
421 761 -1
421 816 1
422 755 -1
422 756 1
422 757 -1
422 814 -1
423 762 -1
423 763 1
423 764 1
424 764 -1
424 765 1
424 767 -1
424 1006 1
425 765 -1
425 766 1
425 768 -1
425 981 1
426 769 -1
426 770 1
426 771 -1
426 803 -1
427 776 -1
427 777 1
427 779 -1
427 872 -1
428 778 -1
428 779 1
428 780 1
428 848 1
429 774 -1
429 775 1
429 778 1
429 846 1
430 781 -1
430 782 1
430 783 1
431 783 -1
431 784 1
431 785 -1
431 980 1
432 786 -1
432 787 1
432 790 -1
432 855 -1
433 791 1
433 793 -1
433 794 1
433 852 -1
434 788 -1
434 789 1
434 797 -1
434 893 1
435 792 -1
435 793 1
435 796 -1
435 885 1
436 795 -1
436 796 1
436 797 1
436 900 -1
437 803 1
437 804 -1
437 805 -1
437 888 1
438 801 -1
438 802 1
438 806 1
438 880 1
439 800 -1
439 801 1
439 805 1
439 887 1
440 807 -1
440 808 1
440 812 -1
440 973 -1
441 808 -1
441 809 1
441 814 1
441 959 1
442 809 -1
442 810 1
442 815 -1
442 924 1
443 817 1
443 820 -1
443 821 -1
443 927 -1
444 818 -1
444 819 1
444 824 -1
444 986 -1
445 826 -1
445 827 1
445 829 -1
445 869 -1
446 829 1
446 831 -1
446 833 -1
446 837 1
447 825 -1
447 826 1
447 830 1
447 866 -1
448 825 1
448 828 -1
448 832 -1
448 867 1
449 834 1
449 836 -1
449 837 -1
449 903 1
450 835 -1
450 836 1
450 838 1
450 953 -1
451 840 1
451 843 -1
451 844 1
451 1006 -1
452 844 -1
452 845 1
452 847 -1
452 1003 1
453 841 -1
453 842 1
453 848 -1
453 883 -1
454 842 -1
454 843 1
454 849 1
454 916 -1
455 846 -1
455 847 1
455 849 -1
455 919 -1
456 854 -1
456 855 1
456 858 1
456 884 1
457 854 1
457 857 -1
457 859 1
457 972 1
458 856 -1
458 857 1
458 860 1
458 956 -1
459 861 -1
459 862 1
459 865 -1
459 968 -1
460 862 -1
460 863 1
460 866 1
460 902 1
461 864 -1
461 865 1
461 868 -1
461 969 1
462 867 -1
462 868 1
462 870 1
462 992 -1
463 874 -1
463 875 1
463 876 1
463 954 1
464 878 -1
464 879 1
464 882 -1
464 892 -1
465 880 -1
465 881 1
465 882 1
465 895 1
466 885 -1
466 886 1
466 887 -1
466 898 -1
467 889 -1
467 890 1
467 893 -1
467 907 1
468 895 -1
468 896 1
468 898 1
468 966 1
469 890 -1
469 891 1
469 899 1
469 906 -1
470 891 -1
470 892 1
470 897 -1
470 965 1
471 896 -1
471 897 1
471 901 -1
471 967 -1
472 899 -1
472 900 1
472 901 1
472 912 -1
473 905 -1
473 906 1
473 909 1
473 995 -1
474 909 -1
474 910 1
474 912 1
474 996 1
475 904 1
475 907 -1
475 908 -1
475 984 1
476 904 -1
476 905 1
476 911 -1
476 983 -1
477 914 -1
477 915 1
477 917 -1
477 922 -1
478 913 -1
478 914 1
478 920 1
478 923 1
479 915 -1
479 916 1
479 918 1
479 981 -1
480 921 1
480 923 -1
480 924 -1
480 958 -1
481 925 -1
481 926 1
481 930 -1
481 965 -1
482 926 -1
482 927 1
482 933 1
482 960 1
483 928 -1
483 929 1
483 932 -1
483 966 -1
484 933 -1
484 934 1
484 935 1
484 964 -1
485 929 -1
485 930 1
485 934 -1
485 967 1
486 936 1
486 938 -1
486 943 1
486 974 -1
487 939 -1
487 940 1
487 943 -1
487 977 1
488 939 1
488 942 -1
488 944 1
488 971 -1
489 940 -1
489 941 1
489 947 -1
489 978 -1
490 941 -1
490 942 1
490 948 1
490 970 1
491 937 -1
491 938 1
491 946 1
491 975 1
492 936 -1
492 937 1
492 945 -1
492 1005 1
493 944 -1
493 945 1
493 949 -1
493 972 -1
494 948 -1
494 949 1
494 950 1
494 973 1
495 946 -1
495 947 1
495 950 -1
495 979 -1
496 954 -1
496 955 1
496 956 1
496 1005 -1
497 957 -1
497 958 1
497 959 -1
497 970 -1
498 960 -1
498 961 1
498 962 1
498 995 1
499 962 -1
499 963 1
499 964 1
499 996 -1
500 974 1
500 976 -1
500 977 -1
501 982 1
501 984 -1
501 985 1
502 986 1
502 987 -1
502 988 -1
502 1007 1
503 991 -1
503 992 1
503 993 -1
503 1002 1
504 997 -1
504 998 1
504 1000 1
505 997 1
505 999 -1
505 1001 1
505 1007 -1
