0 0 1
0 1 1
0 533 -1
1 0 1
1 8 1
1 502 -1
2 0 1
2 6 1
2 477 -1
3 0 1
3 10 1
3 220 -1
4 0 1
4 5 1
4 132 -1
5 0 1
5 11 1
5 561 -1
6 0 1
6 4 1
6 303 -1
7 1 1
7 4 -1
7 309 -1
8 1 1
8 8 -1
8 505 -1
9 1 1
9 9 -1
9 449 -1
10 1 1
10 7 -1
10 376 -1
11 2 1
11 3 1
11 347 1
12 2 1
12 9 1
12 350 1
13 2 1
13 7 1
13 345 -1
14 2 1
14 4 1
14 307 -1
15 2 1
15 11 1
15 351 -1
16 2 1
16 5 1
16 136 -1
17 3 1
17 9 -1
17 446 1
18 3 1
18 8 -1
18 465 -1
19 3 1
19 6 -1
19 464 -1
20 3 1
20 10 -1
20 222 -1
21 3 1
21 5 -1
21 138 -1
22 4 1
22 7 -1
22 306 -1
23 4 1
23 11 -1
23 310 -1
24 5 1
24 10 -1
24 133 1
25 5 1
25 11 -1
25 135 -1
26 6 1
26 8 -1
26 478 1
27 6 1
27 10 -1
27 221 -1
28 7 1
28 9 -1
28 379 1
29 8 1
29 9 -1
29 450 -1
30 12 1
30 13 1
30 451 -1
31 12 1
31 17 -1
31 401 -1
32 12 1
32 20 -1
32 486 -1
33 12 1
33 19 -1
33 557 -1
34 12 1
34 21 1
34 73 -1
35 12 1
35 18 1
35 531 -1
36 13 1
36 17 1
36 404 -1
37 13 1
37 16 1
37 311 -1
38 13 1
38 18 -1
38 455 -1
39 14 1
39 15 1
39 356 1
40 14 1
40 16 1
40 319 -1
41 14 1
41 17 1
41 403 1
42 14 1
42 20 1
42 484 1
43 14 1
43 19 1
43 483 1
44 15 1
44 16 -1
44 312 1
45 15 1
45 18 1
45 354 -1
46 15 1
46 21 1
46 74 -1
47 15 1
47 19 -1
47 357 1
48 16 1
48 17 -1
48 318 1
49 16 1
49 18 1
49 317 -1
50 17 1
50 20 -1
50 408 -1
51 18 1
51 21 -1
51 76 -1
52 19 1
52 20 -1
52 492 1
53 19 1
53 21 1
53 81 -1
54 22 1
54 23 -1
55 22 1
55 25 -1
55 472 -1
56 22 1
56 30 1
56 540 -1
57 22 1
57 31 -1
57 512 -1
58 22 1
58 26 1
58 358 -1
59 23 1
59 26 1
59 359 -1
60 23 1
60 24 1
60 544 -1
61 23 1
61 28 1
61 32 -1
62 23 1
62 25 -1
62 473 -1
63 24 1
63 28 -1
63 33 -1
64 24 1
64 29 -1
64 546 1
65 24 1
65 26 -1
65 360 -1
66 25 1
66 28 1
66 38 1
67 25 1
67 27 1
67 474 -1
68 25 1
68 30 1
68 475 -1
69 26 1
69 29 -1
69 361 -1
70 26 1
70 31 1
70 365 1
71 27 1
71 28 -1
71 35 1
72 27 1
72 30 -1
72 541 -1
73 27 1
73 31 1
73 514 1
74 27 1
74 29 -1
74 586 1
75 28 1
75 29 -1
75 37 -1
76 29 1
76 31 1
76 515 1
77 30 1
77 31 1
77 513 1
78 32 1
78 38 1
78 473 -1
79 32 1
79 33 1
79 544 -1
80 32 1
80 34 -1
80 456 -1
81 32 1
81 39 1
81 211 -1
82 32 1
82 36 1
82 409 -1
83 33 1
83 34 1
83 457 1
84 33 1
84 37 1
84 546 1
85 34 1
85 37 -1
85 460 -1
86 34 1
86 40 1
86 93 -1
87 34 1
87 39 1
87 215 1
88 35 1
88 38 1
88 474 1
89 35 1
89 36 1
89 410 1
90 35 1
90 40 1
90 95 1
91 35 1
91 37 -1
91 586 -1
92 36 1
92 38 -1
92 413 1
93 36 1
93 40 -1
93 105 1
94 36 1
94 39 -1
94 212 -1
95 37 1
95 40 1
95 97 -1
96 39 1
96 40 -1
96 109 -1
97 41 1
97 46 1
97 493 -1
98 41 1
98 45 -1
98 110 -1
99 41 1
99 42 -1
100 41 1
100 47 1
100 331 -1
101 41 1
101 43 -1
101 435 -1
102 42 1
102 45 -1
102 111 -1
103 42 1
103 44 -1
103 243 -1
104 42 1
104 48 1
104 139 -1
105 42 1
105 47 1
105 332 -1
106 43 1
106 47 1
106 334 -1
107 43 1
107 48 1
107 141 -1
108 43 1
108 44 -1
108 248 -1
109 43 1
109 49 1
109 432 -1
110 43 1
110 46 1
110 437 -1
111 44 1
111 48 1
111 143 1
112 44 1
112 45 -1
112 113 -1
113 44 1
113 49 1
113 247 1
114 45 1
114 46 1
114 118 -1
115 45 1
115 49 1
115 114 -1
116 46 1
116 49 -1
116 430 1
117 47 1
117 48 -1
117 146 -1
118 50 1
118 57 1
118 592 -1
119 50 1
119 51 -1
120 50 1
120 54 -1
120 381 -1
121 50 1
121 59 1
121 120 -1
122 50 1
122 52 -1
122 567 -1
123 51 1
123 57 1
123 593 -1
124 51 1
124 56 1
124 139 -1
125 51 1
125 53 1
125 298 -1
126 51 1
126 58 1
126 600 -1
127 51 1
127 54 -1
127 383 -1
128 52 1
128 53 1
128 301 -1
129 52 1
129 56 1
129 145 -1
130 52 1
130 57 1
130 568 -1
131 52 1
131 59 1
131 127 -1
132 52 1
132 55 -1
132 259 -1
133 53 1
133 56 -1
133 142 1
134 53 1
134 58 -1
134 302 1
135 53 1
135 55 1
135 256 -1
136 54 1
136 58 1
136 385 -1
137 54 1
137 55 -1
137 265 1
138 54 1
138 59 1
138 130 -1
139 55 1
139 58 1
139 264 -1
140 55 1
140 59 1
140 128 -1
141 56 1
141 57 -1
141 140 1
142 60 1
142 64 -1
142 536 -1
143 60 1
143 67 -1
143 219 -1
144 60 1
144 70 1
144 183 -1
145 60 1
145 71 -1
145 564 -1
146 60 1
146 62 -1
146 423 -1
147 61 1
147 63 -1
147 337 1
148 61 1
148 66 -1
148 154 1
149 61 1
149 65 1
149 392 -1
150 61 1
150 69 -1
150 395 -1
151 61 1
151 70 -1
151 190 1
152 61 1
152 68 -1
152 250 1
153 62 1
153 66 1
153 152 -1
154 62 1
154 64 -1
154 427 -1
155 62 1
155 71 -1
155 428 -1
156 62 1
156 63 1
156 338 1
157 63 1
157 66 -1
157 148 -1
158 63 1
158 68 -1
158 251 -1
159 63 1
159 71 1
159 341 1
160 64 1
160 66 1
160 156 -1
161 64 1
161 65 -1
161 463 -1
162 64 1
162 67 -1
162 223 1
163 65 1
163 66 1
163 149 1
164 65 1
164 69 1
164 464 1
165 65 1
165 67 -1
165 222 1
166 67 1
166 69 1
166 221 -1
167 67 1
167 70 1
167 188 -1
168 68 1
168 70 -1
168 189 -1
169 68 1
169 71 1
169 254 1
170 69 1
170 70 -1
170 186 1
171 70 1
171 71 1
171 191 1
172 72 1
172 77 1
172 469 -1
173 72 1
173 76 1
173 530 -1
174 72 1
174 73 -1
175 72 1
175 75 1
175 397 -1
176 72 1
176 80 1
176 167 -1
177 72 1
177 79 1
177 82 -1
178 73 1
178 75 1
178 399 -1
179 73 1
179 76 1
179 531 -1
180 73 1
180 81 -1
180 557 -1
181 74 1
181 77 1
181 353 1
182 74 1
182 79 1
182 89 1
183 74 1
183 78 1
183 355 1
184 74 1
184 81 -1
184 357 1
185 74 1
185 76 1
185 354 -1
186 75 1
186 80 -1
186 171 -1
187 75 1
187 78 -1
187 390 -1
188 75 1
188 81 1
188 400 1
189 76 1
189 77 -1
189 470 1
190 77 1
190 79 -1
190 85 1
191 78 1
191 80 -1
191 170 1
192 78 1
192 79 -1
192 88 1
193 78 1
193 81 1
193 388 1
194 79 1
194 80 -1
194 91 1
195 82 1
195 83 1
195 467 -1
196 82 1
196 85 -1
196 469 -1
197 82 1
197 91 1
197 167 -1
198 82 1
198 84 -1
198 224 -1
199 82 1
199 92 1
199 567 -1
200 82 1
200 90 1
200 120 -1
201 83 1
201 85 1
201 468 -1
202 83 1
202 86 1
202 293 1
203 83 1
203 87 1
203 285 1
204 83 1
204 90 -1
204 121 1
205 84 1
205 91 1
205 172 1
206 84 1
206 88 -1
206 232 -1
207 84 1
207 87 -1
207 230 1
208 84 1
208 92 1
208 225 -1
209 85 1
209 86 -1
209 292 1
210 85 1
210 89 1
210 353 -1
211 86 1
211 87 -1
211 284 -1
212 86 1
212 88 -1
212 294 -1
213 86 1
213 89 1
213 290 -1
214 87 1
214 88 -1
214 287 1
215 87 1
215 90 1
215 126 -1
216 87 1
216 92 1
216 286 -1
217 88 1
217 89 1
217 355 -1
218 88 1
218 91 1
218 170 -1
219 90 1
219 92 -1
219 127 -1
220 93 1
220 97 -1
220 460 -1
221 93 1
221 96 1
221 461 -1
222 93 1
222 100 1
222 429 -1
223 93 1
223 103 1
223 462 1
224 93 1
224 109 1
224 215 1
225 94 1
225 95 -1
225 159 -1
226 94 1
226 97 1
226 153 1
227 94 1
227 96 -1
227 157 -1
228 94 1
228 99 -1
228 150 -1
229 94 1
229 108 -1
229 158 -1
230 94 1
230 107 -1
230 151 1
231 95 1
231 105 1
231 410 -1
232 95 1
232 97 1
232 586 1
233 95 1
233 107 -1
233 591 1
234 95 1
234 98 -1
234 482 1
235 96 1
235 97 1
235 587 1
236 96 1
236 100 -1
236 431 1
237 96 1
237 102 -1
237 238 -1
238 96 1
238 99 -1
238 204 1
239 98 1
239 104 -1
239 387 -1
240 98 1
240 105 1
240 412 1
241 98 1
241 107 -1
241 481 1
242 98 1
242 108 -1
242 448 1
243 98 1
243 106 -1
243 297 1
244 99 1
244 102 -1
244 202 1
245 99 1
245 101 1
245 205 1
246 99 1
246 108 -1
246 207 1
247 100 1
247 103 -1
247 433 -1
248 100 1
248 102 -1
248 234 -1
249 101 1
249 104 1
249 287 1
250 101 1
250 103 1
250 289 -1
251 101 1
251 102 1
251 237 -1
252 101 1
252 108 1
252 288 -1
253 101 1
253 106 1
253 284 1
254 102 1
254 103 -1
254 242 1
255 103 1
255 109 -1
255 213 -1
256 103 1
256 104 -1
256 386 1
257 104 1
257 106 -1
257 294 -1
258 104 1
258 109 -1
258 214 -1
259 104 1
259 105 1
259 389 -1
260 105 1
260 109 1
260 212 1
261 106 1
261 108 -1
261 296 1
262 107 1
262 108 -1
262 447 1
263 110 1
263 118 1
263 493 -1
264 110 1
264 112 -1
264 570 -1
265 110 1
265 119 -1
265 583 -1
266 110 1
266 111 -1
267 111 1
267 115 -1
267 175 -1
268 111 1
268 113 -1
268 243 -1
269 111 1
269 119 -1
269 584 -1
270 111 1
270 116 -1
270 602 -1
271 112 1
271 118 1
271 494 -1
272 112 1
272 114 1
272 434 1
273 112 1
273 117 1
273 573 1
274 112 1
274 116 -1
274 572 -1
275 112 1
275 119 -1
275 574 -1
276 113 1
276 115 -1
276 179 1
277 113 1
277 117 1
277 245 -1
278 113 1
278 114 1
278 247 1
279 114 1
279 117 -1
279 431 -1
280 114 1
280 118 -1
280 430 -1
281 115 1
281 116 -1
281 181 1
282 115 1
282 117 1
282 178 -1
283 116 1
283 117 1
283 598 -1
284 116 1
284 119 -1
284 585 -1
285 120 1
285 123 1
285 322 -1
286 120 1
286 124 1
286 266 -1
287 120 1
287 121 -1
287 467 -1
288 120 1
288 127 -1
288 567 -1
289 120 1
289 130 -1
289 381 -1
290 121 1
290 124 1
290 268 1
291 121 1
291 129 1
291 417 1
292 121 1
292 122 1
292 279 1
293 121 1
293 126 -1
293 285 -1
294 122 1
294 126 1
294 275 -1
295 122 1
295 128 1
295 257 1
296 122 1
296 125 -1
296 278 1
297 122 1
297 123 -1
297 282 1
298 122 1
298 129 -1
298 274 -1
299 123 1
299 124 -1
299 273 -1
300 123 1
300 129 -1
300 327 1
301 123 1
301 125 -1
301 325 1
302 123 1
302 130 1
302 329 -1
303 124 1
303 129 -1
303 267 -1
304 125 1
304 128 1
304 262 -1
305 125 1
305 130 1
305 384 -1
306 126 1
306 128 -1
306 260 1
307 126 1
307 127 -1
307 286 -1
308 127 1
308 128 -1
308 259 -1
309 128 1
309 130 -1
309 265 -1
310 131 1
310 135 -1
310 560 -1
311 131 1
311 132 -1
312 131 1
312 133 1
312 219 -1
313 131 1
313 137 1
313 536 -1
314 131 1
314 134 1
314 575 -1
315 132 1
315 135 -1
315 561 -1
316 132 1
316 133 1
316 220 -1
317 133 1
317 137 -1
317 223 1
318 133 1
318 138 -1
318 222 1
319 134 1
319 135 1
319 563 1
320 134 1
320 136 1
320 343 -1
321 134 1
321 137 -1
321 537 1
322 135 1
322 136 -1
322 351 1
323 136 1
323 137 1
323 352 -1
324 136 1
324 138 1
324 347 1
325 137 1
325 138 -1
325 463 1
326 139 1
326 146 1
326 332 -1
327 139 1
327 143 1
327 243 -1
328 139 1
328 142 -1
328 298 -1
329 139 1
329 140 1
329 593 -1
330 140 1
330 146 -1
330 333 -1
331 140 1
331 141 1
331 438 1
332 140 1
332 147 -1
332 229 -1
333 140 1
333 145 1
333 568 -1
334 141 1
334 143 1
334 248 -1
335 141 1
335 146 1
335 334 -1
336 141 1
336 147 1
336 228 -1
337 141 1
337 144 -1
337 240 1
338 142 1
338 143 1
338 246 1
339 142 1
339 144 -1
339 236 1
340 142 1
340 145 -1
340 301 1
341 143 1
341 144 1
341 233 -1
342 144 1
342 147 1
342 231 1
343 144 1
343 145 -1
343 239 -1
344 145 1
344 147 1
344 225 1
345 148 1
345 153 -1
345 342 -1
346 148 1
346 157 1
346 336 1
347 148 1
347 150 1
347 206 -1
348 148 1
348 154 1
348 337 -1
349 148 1
349 152 1
349 338 1
350 149 1
350 156 1
350 463 -1
351 149 1
351 154 1
351 392 1
352 149 1
352 150 1
352 210 -1
353 149 1
353 158 1
353 446 1
354 149 1
354 151 -1
354 466 1
355 150 1
355 157 -1
355 204 1
356 150 1
356 154 -1
356 200 -1
357 150 1
357 158 -1
357 207 -1
358 151 1
358 156 1
358 539 -1
359 151 1
359 158 1
359 447 1
360 151 1
360 159 1
360 591 -1
361 151 1
361 155 1
361 518 1
362 152 1
362 153 1
362 425 -1
363 152 1
363 155 -1
363 424 1
364 152 1
364 156 -1
364 427 -1
365 153 1
365 157 1
365 587 -1
366 153 1
366 155 1
366 515 1
367 153 1
367 159 1
367 586 -1
368 155 1
368 156 -1
368 517 1
369 155 1
369 159 -1
369 514 1
370 160 1
370 163 -1
370 298 -1
371 160 1
371 164 1
371 243 -1
372 160 1
372 162 1
372 175 -1
373 160 1
373 166 1
373 249 -1
374 160 1
374 165 1
374 589 -1
375 161 1
375 164 1
375 244 1
376 161 1
376 163 -1
376 299 1
377 161 1
377 165 1
377 578 -1
378 161 1
378 166 1
378 253 1
379 161 1
379 162 1
379 176 1
380 162 1
380 164 -1
380 179 1
381 162 1
381 166 -1
381 180 1
382 163 1
382 164 1
382 246 1
383 163 1
383 165 1
383 300 -1
384 165 1
384 166 -1
384 252 1
385 167 1
385 168 -1
386 167 1
386 169 1
386 526 -1
387 167 1
387 172 1
387 224 -1
388 167 1
388 171 1
388 397 -1
389 168 1
389 169 1
389 527 -1
390 168 1
390 171 1
390 398 -1
391 168 1
391 174 1
391 211 -1
392 168 1
392 173 -1
392 569 -1
393 169 1
393 172 -1
393 227 1
394 169 1
394 173 1
394 528 1
395 170 1
395 172 1
395 232 1
396 170 1
396 173 -1
396 386 1
397 170 1
397 174 1
397 214 1
398 170 1
398 171 1
398 390 -1
399 171 1
399 174 -1
399 218 -1
400 172 1
400 173 1
400 226 1
401 173 1
401 174 1
401 213 1
402 175 1
402 179 1
402 243 -1
403 175 1
403 181 -1
403 602 -1
404 175 1
404 182 -1
404 565 -1
405 175 1
405 180 1
405 249 -1
406 176 1
406 179 -1
406 244 -1
407 176 1
407 178 -1
407 579 -1
408 176 1
408 177 -1
408 339 -1
409 176 1
409 180 -1
409 253 -1
410 177 1
410 178 -1
410 336 1
411 177 1
411 181 1
411 340 1
412 177 1
412 182 1
412 341 1
413 177 1
413 180 -1
413 251 -1
414 178 1
414 179 -1
414 245 -1
415 178 1
415 181 1
415 598 -1
416 180 1
416 182 1
416 254 1
417 181 1
417 182 -1
417 566 1
418 183 1
418 188 -1
418 219 -1
419 183 1
419 184 -1
420 183 1
420 185 -1
421 183 1
421 191 1
421 564 -1
422 184 1
422 187 -1
422 440 -1
423 184 1
423 185 -1
424 184 1
424 188 -1
424 220 -1
425 184 1
425 186 -1
425 477 -1
426 185 1
426 187 -1
426 441 -1
427 185 1
427 189 1
427 249 -1
428 185 1
428 191 1
428 565 -1
429 186 1
429 188 -1
429 221 1
430 186 1
430 190 -1
430 395 -1
431 186 1
431 187 -1
431 443 -1
432 187 1
432 190 -1
432 396 -1
433 187 1
433 189 1
433 255 1
434 189 1
434 190 1
434 250 -1
435 189 1
435 191 -1
435 254 1
436 192 1
436 197 -1
436 401 -1
437 192 1
437 193 1
437 479 -1
438 192 1
438 195 1
438 304 -1
439 192 1
439 198 1
439 562 -1
440 192 1
440 196 -1
440 497 -1
441 193 1
441 195 -1
441 305 -1
442 193 1
442 194 -1
442 346 -1
443 193 1
443 197 1
443 402 -1
444 194 1
444 197 1
444 344 1
445 194 1
445 195 -1
445 307 1
446 194 1
446 198 -1
446 351 1
447 194 1
447 196 1
447 348 1
448 195 1
448 198 -1
448 310 -1
449 196 1
449 197 -1
449 406 -1
450 196 1
450 198 1
450 501 -1
451 199 1
451 202 -1
451 235 1
452 199 1
452 201 1
452 261 -1
453 199 1
453 203 -1
453 578 1
454 199 1
454 200 -1
454 393 1
455 199 1
455 206 -1
455 339 -1
456 199 1
456 204 1
456 579 -1
457 200 1
457 206 -1
457 337 1
458 200 1
458 203 -1
458 391 -1
459 200 1
459 208 -1
459 394 -1
460 200 1
460 210 -1
460 392 -1
461 201 1
461 202 1
461 241 1
462 201 1
462 203 1
462 258 -1
463 201 1
463 208 1
463 263 1
464 201 1
464 209 -1
464 257 1
465 201 1
465 205 1
465 260 -1
466 202 1
466 204 1
466 238 1
467 202 1
467 205 -1
467 237 -1
468 203 1
468 208 -1
468 504 -1
469 204 1
469 206 1
469 336 1
470 205 1
470 209 1
470 275 1
471 205 1
471 207 -1
471 288 1
472 207 1
472 209 1
472 277 1
473 207 1
473 210 -1
473 446 -1
474 207 1
474 208 -1
474 450 1
475 208 1
475 209 1
475 276 1
476 208 1
476 210 -1
476 465 1
477 211 1
477 212 1
477 409 -1
478 211 1
478 215 1
478 456 -1
479 211 1
479 217 1
479 493 -1
480 211 1
480 213 1
480 569 -1
481 211 1
481 218 1
481 398 -1
482 211 1
482 216 -1
482 556 -1
483 212 1
483 216 1
483 411 1
484 212 1
484 214 -1
484 389 1
485 213 1
485 214 -1
485 386 1
486 213 1
486 215 -1
486 462 1
487 213 1
487 217 -1
487 495 -1
488 214 1
488 218 -1
488 390 1
489 214 1
489 216 1
489 388 1
490 215 1
490 217 -1
490 459 1
491 216 1
491 218 1
491 400 1
492 219 1
492 223 1
492 536 -1
493 219 1
493 220 -1
494 220 1
494 221 1
494 477 -1
495 221 1
495 222 -1
495 464 1
496 222 1
496 223 -1
496 463 -1
497 224 1
497 229 1
497 592 -1
498 224 1
498 225 1
498 567 -1
499 224 1
499 227 -1
499 526 -1
500 225 1
500 230 1
500 286 -1
501 225 1
501 231 -1
501 239 -1
502 225 1
502 229 -1
502 568 1
503 226 1
503 227 1
503 528 -1
504 226 1
504 228 1
504 436 1
505 226 1
505 231 -1
505 242 -1
506 226 1
506 230 1
506 289 -1
507 226 1
507 232 -1
507 386 1
508 227 1
508 228 -1
508 439 1
509 227 1
509 229 1
509 529 -1
510 228 1
510 231 1
510 240 1
511 228 1
511 229 1
511 438 1
512 230 1
512 231 1
512 237 -1
513 230 1
513 232 1
513 287 1
514 233 1
514 236 -1
514 246 1
515 233 1
515 235 1
515 244 1
516 233 1
516 238 -1
516 245 1
517 233 1
517 234 -1
517 247 -1
518 233 1
518 240 -1
518 248 -1
519 234 1
519 240 -1
519 432 -1
520 234 1
520 238 -1
520 431 -1
521 234 1
521 242 -1
521 433 -1
522 235 1
522 238 1
522 579 1
523 235 1
523 241 1
523 261 1
524 235 1
524 236 1
524 299 1
525 236 1
525 239 -1
525 301 -1
526 236 1
526 241 -1
526 256 -1
527 237 1
527 239 1
527 286 -1
528 237 1
528 241 1
528 260 1
529 237 1
529 242 1
529 289 -1
530 239 1
530 241 -1
530 259 1
531 240 1
531 242 -1
531 436 -1
532 243 1
532 246 1
532 298 -1
533 244 1
533 245 -1
533 579 -1
534 244 1
534 246 -1
534 299 -1
535 245 1
535 247 1
535 431 1
536 247 1
536 248 -1
536 432 1
537 249 1
537 252 -1
537 589 -1
538 249 1
538 254 1
538 565 -1
539 249 1
539 255 1
539 441 -1
540 250 1
540 251 1
540 337 -1
541 250 1
541 253 1
541 393 1
542 250 1
542 252 -1
542 391 1
543 250 1
543 255 1
543 396 1
544 251 1
544 253 -1
544 339 1
545 251 1
545 254 -1
545 341 1
546 252 1
546 253 1
546 578 1
547 252 1
547 255 1
547 442 1
548 256 1
548 258 -1
548 300 1
549 256 1
549 261 -1
549 299 1
550 256 1
550 259 1
550 301 -1
551 256 1
551 264 -1
551 302 1
552 257 1
552 260 1
552 275 1
553 257 1
553 262 1
553 278 -1
554 257 1
554 263 -1
554 276 1
555 258 1
555 261 -1
555 578 -1
556 258 1
556 264 -1
556 590 -1
557 258 1
557 263 1
557 504 -1
558 259 1
558 260 1
558 286 1
559 262 1
559 263 1
559 503 -1
560 262 1
560 264 -1
560 559 -1
561 262 1
561 265 -1
561 384 -1
562 263 1
562 264 1
562 507 -1
563 264 1
563 265 -1
563 385 -1
564 266 1
564 270 1
564 551 -1
565 266 1
565 269 1
565 596 -1
566 266 1
566 272 1
566 469 -1
567 266 1
567 268 1
567 467 -1
568 266 1
568 273 1
568 322 -1
569 267 1
569 272 1
569 418 1
570 267 1
570 269 1
570 416 -1
571 267 1
571 271 1
571 415 -1
572 267 1
572 273 1
572 327 1
573 267 1
573 268 1
573 417 -1
574 268 1
574 272 -1
574 468 -1
575 269 1
575 271 -1
575 581 1
576 269 1
576 270 -1
576 555 -1
577 269 1
577 272 -1
577 471 1
578 270 1
578 271 -1
578 554 -1
579 270 1
579 273 -1
579 328 -1
580 271 1
580 273 -1
580 326 -1
581 274 1
581 281 1
581 295 1
582 274 1
582 279 1
582 417 -1
583 274 1
583 282 1
583 327 1
584 274 1
584 280 -1
584 421 -1
585 274 1
585 283 1
585 420 -1
586 274 1
586 277 -1
586 422 -1
587 275 1
587 279 1
587 285 1
588 275 1
588 281 1
588 284 1
589 275 1
589 277 -1
589 288 -1
590 276 1
590 278 1
590 503 -1
591 276 1
591 277 -1
591 450 1
592 276 1
592 283 1
592 505 -1
593 276 1
593 280 -1
593 506 1
594 277 1
594 281 1
594 296 1
595 277 1
595 283 1
595 449 -1
596 278 1
596 282 -1
596 325 -1
597 278 1
597 280 1
597 510 1
598 279 1
598 281 -1
598 293 1
599 280 1
599 282 1
599 324 -1
600 280 1
600 283 1
600 509 1
601 284 1
601 287 -1
601 294 -1
602 284 1
602 285 -1
602 293 1
603 284 1
603 288 1
603 296 -1
604 287 1
604 289 1
604 386 1
605 290 1
605 297 1
605 356 -1
606 290 1
606 291 -1
606 312 -1
607 290 1
607 292 -1
607 353 -1
608 290 1
608 294 -1
608 355 -1
609 291 1
609 295 -1
609 313 1
610 291 1
610 292 -1
610 315 1
611 291 1
611 297 1
611 319 1
612 291 1
612 296 -1
612 320 1
613 292 1
613 295 -1
613 418 1
614 292 1
614 293 1
614 468 1
615 293 1
615 295 1
615 417 1
616 294 1
616 297 1
616 387 1
617 295 1
617 296 -1
617 422 1
618 296 1
618 297 1
618 448 -1
619 298 1
619 300 1
619 589 -1
620 298 1
620 302 1
620 600 -1
621 299 1
621 300 -1
621 578 1
622 300 1
622 302 -1
622 590 -1
623 303 1
623 308 -1
623 547 -1
624 303 1
624 309 1
624 533 -1
625 303 1
625 310 -1
625 561 -1
626 303 1
626 304 -1
627 304 1
627 305 1
627 479 -1
628 304 1
628 308 -1
628 548 -1
629 304 1
629 310 -1
629 562 -1
630 305 1
630 307 1
630 346 -1
631 305 1
631 308 1
631 480 1
632 305 1
632 306 1
632 374 1
633 306 1
633 307 -1
633 345 1
634 306 1
634 309 1
634 376 -1
635 306 1
635 308 -1
635 375 1
636 307 1
636 310 -1
636 351 -1
637 308 1
637 309 1
637 534 -1
638 311 1
638 317 -1
638 455 -1
639 311 1
639 318 1
639 404 -1
640 311 1
640 314 -1
640 378 1
641 311 1
641 321 1
641 453 -1
642 311 1
642 316 -1
642 454 -1
643 312 1
643 317 -1
643 354 1
644 312 1
644 315 -1
644 353 -1
645 312 1
645 319 -1
645 356 -1
646 313 1
646 320 -1
646 422 1
647 313 1
647 315 -1
647 418 -1
648 313 1
648 316 -1
648 416 1
649 313 1
649 321 1
649 419 -1
650 313 1
650 314 -1
650 380 1
651 314 1
651 318 1
651 377 1
652 314 1
652 320 -1
652 379 1
653 314 1
653 321 1
653 375 -1
654 315 1
654 317 -1
654 470 -1
655 315 1
655 316 -1
655 471 -1
656 316 1
656 317 -1
656 532 1
657 316 1
657 321 1
657 550 -1
658 318 1
658 320 1
658 407 -1
659 318 1
659 319 1
659 403 1
660 319 1
660 320 -1
660 448 1
661 322 1
661 328 1
661 551 -1
662 322 1
662 329 -1
662 381 -1
663 322 1
663 323 -1
664 323 1
664 324 -1
664 508 -1
665 323 1
665 326 1
665 580 -1
666 323 1
666 328 1
666 552 -1
667 323 1
667 329 -1
667 382 -1
668 323 1
668 325 1
668 558 -1
669 324 1
669 326 1
669 511 -1
670 324 1
670 325 1
670 510 1
671 324 1
671 327 1
671 421 1
672 325 1
672 329 1
672 384 -1
673 326 1
673 327 -1
673 415 -1
674 326 1
674 328 -1
674 554 1
675 330 1
675 332 -1
676 330 1
676 333 1
676 592 -1
677 330 1
677 335 -1
677 526 -1
678 330 1
678 331 -1
679 331 1
679 332 -1
680 331 1
680 335 -1
680 527 -1
681 331 1
681 334 -1
681 435 -1
682 332 1
682 333 1
682 593 -1
683 333 1
683 335 1
683 529 -1
684 333 1
684 334 1
684 438 1
685 334 1
685 335 -1
685 439 -1
686 336 1
686 339 -1
686 579 1
687 336 1
687 340 -1
687 598 -1
688 336 1
688 342 1
688 587 1
689 337 1
689 339 1
689 393 1
690 338 1
690 341 -1
690 428 1
691 338 1
691 342 1
691 425 1
692 338 1
692 340 -1
692 426 1
693 340 1
693 341 -1
693 566 -1
694 340 1
694 342 1
694 588 1
695 343 1
695 351 -1
695 563 1
696 343 1
696 348 -1
696 498 -1
697 343 1
697 349 -1
697 577 1
698 343 1
698 352 -1
698 537 1
699 344 1
699 348 -1
699 406 -1
700 344 1
700 346 -1
700 402 1
701 344 1
701 345 -1
701 377 -1
702 344 1
702 350 1
702 407 1
703 344 1
703 349 -1
703 405 1
704 345 1
704 346 -1
704 374 -1
705 345 1
705 350 1
705 379 1
706 347 1
706 350 -1
706 446 -1
707 347 1
707 349 1
707 466 -1
708 347 1
708 352 1
708 463 1
709 348 1
709 349 -1
709 500 -1
710 348 1
710 351 -1
710 501 1
711 349 1
711 350 1
711 447 1
712 349 1
712 352 -1
712 539 -1
713 353 1
713 354 1
713 470 1
714 355 1
714 357 -1
714 388 -1
715 355 1
715 356 -1
715 387 -1
716 356 1
716 357 -1
716 483 -1
717 358 1
717 365 1
717 512 -1
718 358 1
718 364 1
718 423 -1
719 358 1
719 363 -1
719 601 -1
720 358 1
720 366 1
720 582 -1
721 358 1
721 359 -1
722 359 1
722 360 1
722 544 -1
723 359 1
723 366 1
723 583 -1
724 359 1
724 362 1
724 570 -1
725 360 1
725 361 1
725 546 1
726 360 1
726 362 -1
726 545 1
727 361 1
727 362 1
727 571 1
728 361 1
728 363 -1
728 588 1
729 361 1
729 364 1
729 425 1
730 361 1
730 365 1
730 515 -1
731 362 1
731 363 1
731 572 1
732 362 1
732 366 -1
732 574 1
733 363 1
733 364 1
733 426 1
734 363 1
734 366 1
734 585 -1
735 364 1
735 365 -1
735 424 -1
736 367 1
736 368 -1
737 367 1
737 369 -1
738 367 1
738 371 -1
738 485 -1
739 367 1
739 370 1
739 472 -1
740 368 1
740 370 1
740 473 -1
741 368 1
741 372 -1
741 409 -1
742 368 1
742 373 1
742 556 -1
743 368 1
743 369 -1
744 369 1
744 373 1
744 557 -1
745 369 1
745 371 -1
745 486 -1
746 370 1
746 372 1
746 413 -1
747 370 1
747 371 1
747 476 1
748 371 1
748 373 1
748 492 -1
749 371 1
749 372 -1
749 414 1
750 372 1
750 373 1
750 411 -1
751 374 1
751 378 -1
751 452 -1
752 374 1
752 375 -1
752 480 -1
753 374 1
753 377 1
753 402 1
754 375 1
754 378 -1
754 453 -1
755 375 1
755 380 -1
755 419 -1
756 375 1
756 376 1
756 534 -1
757 376 1
757 380 1
757 420 -1
758 376 1
758 379 -1
758 449 -1
759 377 1
759 378 1
759 404 1
760 377 1
760 379 -1
760 407 1
761 379 1
761 380 1
761 422 -1
762 381 1
762 383 -1
763 381 1
763 382 -1
764 382 1
764 383 -1
765 382 1
765 385 1
765 599 -1
766 382 1
766 384 1
766 558 -1
767 383 1
767 385 1
767 600 -1
768 384 1
768 385 -1
768 559 -1
769 387 1
769 388 -1
769 483 1
770 387 1
770 389 1
770 412 1
771 388 1
771 389 1
771 411 -1
772 388 1
772 390 -1
772 400 -1
773 391 1
773 393 -1
773 578 1
774 391 1
774 396 -1
774 442 1
775 391 1
775 394 -1
775 504 1
776 392 1
776 394 -1
776 465 1
777 392 1
777 395 -1
777 464 1
778 394 1
778 396 -1
778 445 1
779 394 1
779 395 -1
779 478 1
780 395 1
780 396 -1
780 443 -1
781 397 1
781 399 -1
782 397 1
782 398 -1
783 398 1
783 399 -1
784 398 1
784 400 1
784 556 -1
785 399 1
785 400 1
785 557 -1
786 401 1
786 404 1
786 451 -1
787 401 1
787 402 1
787 479 -1
788 401 1
788 406 -1
788 497 -1
789 401 1
789 408 1
789 486 -1
790 402 1
790 404 -1
790 452 1
791 403 1
791 407 1
791 448 -1
792 403 1
792 408 1
792 484 -1
793 403 1
793 405 1
793 481 -1
794 405 1
794 407 -1
794 447 1
795 405 1
795 406 1
795 500 1
796 405 1
796 408 -1
796 490 -1
797 406 1
797 408 1
797 489 1
798 409 1
798 411 1
798 556 -1
799 409 1
799 413 1
799 473 -1
800 410 1
800 412 1
800 482 1
801 410 1
801 414 -1
801 488 1
802 410 1
802 413 -1
802 474 -1
803 411 1
803 412 1
803 483 -1
804 411 1
804 414 -1
804 492 -1
805 412 1
805 414 1
805 484 -1
806 413 1
806 414 -1
806 476 1
807 415 1
807 416 -1
807 581 -1
808 415 1
808 419 1
808 549 1
809 415 1
809 420 -1
809 535 -1
810 415 1
810 421 -1
810 511 -1
811 416 1
811 418 1
811 471 1
812 416 1
812 419 1
812 550 -1
813 417 1
813 418 1
813 468 -1
814 419 1
814 420 1
814 534 -1
815 420 1
815 421 -1
815 509 1
816 420 1
816 422 -1
816 449 -1
817 423 1
817 427 1
817 536 -1
818 423 1
818 428 1
818 564 -1
819 423 1
819 426 1
819 601 -1
820 423 1
820 424 -1
820 512 -1
821 424 1
821 427 1
821 517 1
822 424 1
822 425 1
822 515 1
823 425 1
823 426 -1
823 588 -1
824 426 1
824 428 -1
824 566 -1
825 429 1
825 434 1
825 458 -1
826 429 1
826 430 -1
826 459 -1
827 429 1
827 433 -1
827 462 1
828 429 1
828 431 -1
828 461 -1
829 430 1
829 433 -1
829 495 -1
830 430 1
830 434 1
830 494 1
831 430 1
831 432 -1
831 437 1
832 431 1
832 434 1
832 573 -1
833 432 1
833 433 -1
833 436 1
834 435 1
834 437 1
834 493 -1
835 435 1
835 439 1
835 527 -1
836 435 1
836 436 -1
836 569 -1
837 436 1
837 437 1
837 495 1
838 436 1
838 439 1
838 528 1
839 438 1
839 439 1
839 529 1
840 440 1
840 441 -1
841 440 1
841 443 -1
841 477 -1
842 440 1
842 445 1
842 502 -1
843 440 1
843 444 -1
843 599 -1
844 441 1
844 444 -1
844 600 -1
845 441 1
845 442 1
845 589 -1
846 442 1
846 445 -1
846 504 -1
847 442 1
847 444 1
847 590 -1
848 443 1
848 445 1
848 478 -1
849 444 1
849 445 1
849 507 1
850 446 1
850 447 -1
850 466 -1
851 446 1
851 450 1
851 465 1
852 447 1
852 448 -1
852 481 1
853 449 1
853 450 -1
853 505 -1
854 451 1
854 453 -1
854 548 -1
855 451 1
855 452 -1
855 479 -1
856 451 1
856 455 -1
856 531 -1
857 451 1
857 454 -1
857 597 -1
858 452 1
858 453 -1
858 480 -1
859 453 1
859 454 -1
859 550 -1
860 454 1
860 455 -1
860 532 -1
861 456 1
861 457 -1
861 544 -1
862 456 1
862 458 1
862 570 -1
863 456 1
863 459 1
863 493 -1
864 457 1
864 460 1
864 546 -1
865 457 1
865 458 1
865 545 -1
866 458 1
866 459 -1
866 494 1
867 458 1
867 461 -1
867 573 -1
868 458 1
868 460 -1
868 571 1
869 459 1
869 462 1
869 495 1
870 460 1
870 461 -1
870 587 -1
871 463 1
871 466 1
871 539 -1
872 464 1
872 465 -1
872 478 -1
873 467 1
873 468 -1
873 469 -1
874 469 1
874 471 -1
874 596 -1
875 469 1
875 470 -1
875 530 -1
876 470 1
876 471 -1
876 532 1
877 472 1
877 473 -1
878 472 1
878 476 1
878 485 -1
879 472 1
879 475 1
879 540 -1
880 474 1
880 476 -1
880 488 1
881 474 1
881 475 -1
881 541 -1
882 475 1
882 476 -1
882 487 -1
883 477 1
883 478 1
883 502 -1
884 479 1
884 480 1
884 548 -1
885 481 1
885 484 -1
885 490 -1
886 481 1
886 482 1
886 591 -1
887 482 1
887 484 1
887 488 -1
888 483 1
888 484 -1
888 492 -1
889 485 1
889 486 -1
890 485 1
890 489 1
890 496 -1
891 485 1
891 491 1
891 594 -1
892 485 1
892 487 1
892 540 -1
893 486 1
893 489 1
893 497 -1
894 486 1
894 492 1
894 557 -1
895 487 1
895 488 1
895 541 1
896 487 1
896 490 -1
896 543 1
897 487 1
897 491 -1
897 542 1
898 488 1
898 490 1
898 591 -1
899 489 1
899 491 -1
899 499 -1
900 489 1
900 490 -1
900 500 -1
901 490 1
901 491 -1
901 595 -1
902 493 1
902 494 -1
902 570 -1
903 493 1
903 495 1
903 569 -1
904 496 1
904 501 1
904 560 -1
905 496 1
905 498 1
905 575 -1
906 496 1
906 499 -1
906 594 -1
907 496 1
907 497 -1
908 497 1
908 501 1
908 562 -1
909 498 1
909 499 1
909 576 1
910 498 1
910 500 1
910 577 1
911 498 1
911 501 -1
911 563 1
912 499 1
912 500 -1
912 595 -1
913 502 1
913 505 1
913 533 -1
914 502 1
914 506 -1
914 508 -1
915 502 1
915 503 1
915 558 -1
916 502 1
916 507 1
916 599 -1
917 503 1
917 506 1
917 510 1
918 503 1
918 507 -1
918 559 -1
919 504 1
919 507 -1
919 590 -1
920 505 1
920 506 1
920 509 1
921 508 1
921 511 1
921 580 -1
922 508 1
922 510 -1
922 558 -1
923 508 1
923 509 -1
923 533 -1
924 509 1
924 511 1
924 535 -1
925 512 1
925 513 -1
925 540 -1
926 512 1
926 516 1
926 594 -1
927 512 1
927 517 -1
927 536 -1
928 513 1
928 514 -1
928 541 -1
929 513 1
929 518 -1
929 543 -1
930 513 1
930 516 1
930 542 -1
931 514 1
931 515 -1
931 586 -1
932 514 1
932 518 -1
932 591 -1
933 516 1
933 517 1
933 538 -1
934 516 1
934 518 1
934 595 1
935 517 1
935 518 -1
935 539 -1
936 519 1
936 521 -1
937 519 1
937 525 -1
937 596 -1
938 519 1
938 522 -1
938 551 -1
939 520 1
939 521 -1
940 520 1
940 522 -1
940 552 -1
941 520 1
941 524 1
941 580 -1
942 520 1
942 523 -1
942 547 -1
943 521 1
943 522 -1
943 553 -1
944 521 1
944 523 -1
944 548 -1
945 521 1
945 525 -1
945 597 -1
946 522 1
946 525 -1
946 555 -1
947 522 1
947 524 1
947 554 1
948 523 1
948 524 1
948 549 1
949 523 1
949 525 -1
949 550 -1
950 524 1
950 525 1
950 581 -1
951 526 1
951 527 -1
952 526 1
952 529 1
952 592 -1
953 527 1
953 528 1
953 569 -1
954 530 1
954 532 -1
954 596 -1
955 530 1
955 531 -1
956 531 1
956 532 -1
956 597 -1
957 533 1
957 534 -1
957 547 -1
958 533 1
958 535 1
958 580 -1
959 534 1
959 535 1
959 549 1
960 536 1
960 538 1
960 594 -1
961 536 1
961 537 -1
961 575 -1
962 537 1
962 538 1
962 576 -1
963 537 1
963 539 1
963 577 -1
964 538 1
964 539 -1
964 595 1
965 540 1
965 542 1
965 594 -1
966 541 1
966 543 -1
966 591 1
967 542 1
967 543 -1
967 595 1
968 544 1
968 545 1
968 570 -1
969 545 1
969 546 -1
969 571 1
970 547 1
970 549 -1
970 580 -1
971 547 1
971 548 -1
972 548 1
972 550 1
972 597 -1
973 549 1
973 550 1
973 581 1
974 551 1
974 553 -1
975 551 1
975 555 1
975 596 -1
976 551 1
976 552 -1
977 552 1
977 553 -1
978 552 1
978 554 -1
978 580 -1
979 554 1
979 555 1
979 581 1
980 556 1
980 557 -1
981 558 1
981 559 -1
981 599 -1
982 560 1
982 561 -1
983 560 1
983 563 -1
983 575 -1
984 560 1
984 562 -1
985 561 1
985 562 -1
986 564 1
986 566 1
986 601 -1
987 564 1
987 565 -1
988 565 1
988 566 1
988 602 -1
989 567 1
989 568 1
989 592 -1
990 570 1
990 574 1
990 583 -1
991 571 1
991 572 -1
991 588 -1
992 571 1
992 573 1
992 587 -1
993 572 1
993 573 1
993 598 1
994 572 1
994 574 -1
994 585 1
995 575 1
995 576 1
995 594 -1
996 576 1
996 577 -1
996 595 1
997 582 1
997 584 -1
998 582 1
998 583 -1
999 582 1
999 585 -1
999 601 -1
1000 583 1
1000 584 -1
1001 584 1
1001 585 -1
1001 602 -1
1002 587 1
1002 588 -1
1002 598 1
1003 589 1
1003 590 -1
1003 600 -1
1004 592 1
1004 593 -1
1005 596 1
1005 597 -1
1006 599 1
1006 600 -1
1007 601 1
1007 602 -1
