0 0 1
1 0 -1
1 73 1
2 0 1
2 38 -1
3 0 -1
3 57 1
4 0 -1
4 33 1
5 0 -1
5 12 1
6 0 -1
6 61 1
7 0 -1
7 42 1
8 0 -1
8 67 1
9 0 -1
9 54 1
10 0 -1
10 22 1
11 0 -1
11 81 1
12 1 1
13 1 -1
13 55 1
14 1 -1
14 63 1
15 1 1
15 39 -1
16 1 1
16 34 -1
17 1 1
17 47 -1
18 1 -1
18 72 1
19 1 1
19 79 -1
20 1 1
20 64 -1
21 1 -1
21 7 1
22 2 1
23 2 1
24 2 -1
24 76 1
25 2 1
25 60 -1
26 2 -1
26 40 1
27 2 -1
27 92 1
28 2 -1
28 3 1
29 2 -1
29 90 1
30 2 -1
30 75 1
31 2 1
31 69 -1
32 3 1
33 3 -1
33 76 1
34 3 1
34 56 -1
35 3 1
35 92 -1
36 3 -1
36 48 1
37 3 1
37 90 -1
38 3 -1
38 60 1
39 3 -1
39 21 1
40 3 -1
40 9 1
41 4 1
42 4 1
43 4 1
43 52 -1
44 4 1
44 25 -1
45 4 1
45 10 -1
46 4 -1
46 65 1
47 4 -1
47 36 1
48 4 -1
48 13 1
49 4 -1
49 51 1
50 5 1
51 5 1
52 5 1
52 83 -1
53 5 -1
53 32 1
54 5 1
54 43 -1
55 5 1
55 27 -1
56 5 -1
56 13 1
57 5 -1
57 93 1
58 5 -1
58 98 1
59 5 -1
59 11 1
60 6 1
61 6 -1
61 45 1
62 6 1
62 50 -1
63 6 -1
63 37 1
64 6 1
64 74 -1
65 6 1
65 57 -1
66 6 -1
66 14 1
67 6 1
67 22 -1
68 6 -1
68 26 1
69 6 -1
69 61 1
70 6 -1
70 18 1
71 6 1
71 82 -1
72 7 1
73 7 1
74 7 1
74 39 -1
75 7 -1
75 46 1
76 7 -1
76 72 1
77 7 -1
77 59 1
78 7 -1
78 44 1
79 7 -1
79 8 1
80 7 -1
80 16 1
81 7 1
81 79 -1
82 8 1
83 8 -1
83 58 1
84 8 1
84 23 -1
85 8 1
85 59 -1
86 8 1
86 31 -1
87 8 1
87 30 -1
88 8 1
88 44 -1
89 8 -1
89 39 1
90 8 -1
90 11 1
91 8 -1
91 16 1
92 8 -1
92 83 1
93 9 1
93 56 -1
94 9 -1
94 14 1
95 9 -1
95 92 1
96 9 -1
96 97 1
97 9 1
97 90 -1
98 9 -1
98 63 1
99 9 -1
99 20 1
100 9 -1
100 51 1
101 9 1
101 30 -1
102 9 -1
102 24 1
103 9 -1
103 84 1
104 9 -1
104 44 1
105 9 1
105 48 -1
106 9 -1
106 31 1
107 9 -1
107 95 1
108 9 -1
108 54 1
109 9 -1
109 21 1
110 10 1
111 10 1
112 10 1
112 85 -1
113 10 1
113 25 -1
114 10 -1
114 51 1
115 10 1
115 17 -1
116 10 1
116 99 -1
117 10 -1
117 97 1
118 10 -1
118 65 1
119 10 1
119 89 -1
120 11 1
121 11 1
121 58 -1
122 11 -1
122 29 1
123 11 -1
123 35 1
124 11 -1
124 28 1
125 11 -1
125 80 1
126 11 1
126 30 -1
127 11 1
127 83 -1
128 11 1
128 27 -1
129 11 -1
129 49 1
130 11 1
130 43 -1
131 12 1
132 12 1
133 12 -1
133 22 1
134 12 -1
134 86 1
135 12 1
135 81 -1
136 12 1
136 38 -1
137 12 -1
137 74 1
138 12 -1
138 57 1
139 13 1
140 13 -1
140 93 1
141 13 1
141 52 -1
142 13 1
142 32 -1
143 13 -1
143 25 1
144 13 1
144 24 -1
145 13 1
145 83 -1
146 13 -1
146 36 1
147 13 -1
147 23 1
148 14 -1
148 37 1
149 14 -1
149 57 1
150 14 1
150 20 -1
151 14 -1
151 95 1
152 14 1
152 50 -1
153 14 -1
153 90 1
154 14 1
154 45 -1
155 14 1
155 69 -1
156 14 1
156 74 -1
157 14 1
157 97 -1
158 14 1
158 54 -1
159 14 1
159 92 -1
160 15 1
161 15 1
161 87 -1
162 15 -1
162 17 1
163 15 1
163 32 -1
164 15 -1
164 25 1
165 15 -1
165 91 1
166 15 -1
166 26 1
167 16 1
168 16 1
169 16 -1
169 71 1
170 16 1
170 44 -1
171 16 -1
171 46 1
172 16 -1
172 23 1
173 16 1
173 84 -1
174 16 -1
174 21 1
175 17 1
176 17 -1
176 87 1
177 17 -1
177 37 1
178 17 -1
178 97 1
179 17 -1
179 25 1
180 17 -1
180 26 1
181 17 1
181 99 -1
182 17 1
182 82 -1
183 18 1
184 18 1
185 18 1
186 18 1
186 61 -1
187 18 1
187 53 -1
188 18 1
188 22 -1
189 18 -1
189 26 1
190 18 1
190 45 -1
191 18 -1
191 82 1
192 19 1
193 19 -1
193 62 1
194 19 -1
194 38 1
195 19 -1
195 33 1
196 19 1
196 66 -1
197 19 1
197 47 -1
198 19 -1
198 81 1
199 20 -1
199 87 1
200 20 -1
200 45 1
201 20 1
201 27 -1
202 20 -1
202 24 1
203 20 -1
203 91 1
204 20 1
204 97 -1
205 20 -1
205 30 1
206 20 -1
206 37 1
207 20 -1
207 54 1
208 20 -1
208 67 1
209 20 1
209 29 -1
210 20 -1
210 57 1
211 21 1
212 21 -1
212 48 1
213 21 -1
213 84 1
214 21 -1
214 44 1
215 21 -1
215 56 1
216 21 1
216 79 -1
217 21 -1
217 65 1
218 21 -1
218 46 1
219 22 1
220 22 1
221 22 -1
221 61 1
222 22 -1
222 57 1
223 22 -1
223 74 1
224 23 1
225 23 -1
225 83 1
226 23 -1
226 84 1
227 23 1
227 71 -1
228 23 1
228 52 -1
229 23 -1
229 93 1
230 23 1
230 30 -1
231 23 -1
231 24 1
232 23 -1
232 44 1
233 24 -1
233 25 1
234 24 -1
234 51 1
235 24 1
235 87 -1
236 24 -1
236 32 1
237 24 1
237 30 -1
238 24 -1
238 97 1
239 24 -1
239 83 1
240 24 -1
240 52 1
241 24 -1
241 27 1
242 24 -1
242 84 1
243 25 1
244 25 -1
244 87 1
245 25 -1
245 97 1
246 25 -1
246 32 1
247 25 1
247 51 -1
248 25 1
248 52 -1
249 26 1
250 26 1
250 45 -1
251 26 -1
251 37 1
252 26 1
252 91 -1
253 26 -1
253 87 1
254 26 -1
254 82 1
255 26 -1
255 53 1
256 27 -1
256 32 1
257 27 1
257 29 -1
258 27 -1
258 91 1
259 27 1
259 83 -1
260 27 -1
260 30 1
261 27 -1
261 87 1
262 27 -1
262 80 1
263 27 1
263 67 -1
264 27 -1
264 98 1
265 27 -1
265 43 1
266 28 1
267 28 1
267 49 -1
268 28 -1
268 58 1
269 28 -1
269 96 1
270 28 -1
270 78 1
271 28 -1
271 88 1
272 28 -1
272 59 1
273 28 -1
273 35 1
274 29 1
274 49 -1
275 29 1
275 30 -1
276 29 1
276 67 -1
277 29 1
277 54 -1
278 29 -1
278 80 1
279 29 -1
279 58 1
280 29 1
280 68 -1
281 29 -1
281 31 1
282 29 -1
282 35 1
283 29 -1
283 73 1
284 30 1
284 31 -1
285 30 1
285 58 -1
286 30 -1
286 83 1
287 30 1
287 44 -1
288 30 -1
288 54 1
289 30 -1
289 84 1
290 31 -1
290 39 1
291 31 -1
291 34 1
292 31 -1
292 59 1
293 31 1
293 58 -1
294 31 -1
294 44 1
295 31 -1
295 49 1
296 31 -1
296 54 1
297 31 1
297 63 -1
298 32 1
299 32 -1
299 87 1
300 32 -1
300 91 1
301 32 1
301 83 -1
302 32 -1
302 98 1
303 33 1
304 33 1
305 33 -1
305 62 1
306 33 1
306 42 -1
307 33 1
307 38 -1
308 33 1
308 77 -1
309 33 -1
309 73 1
310 33 1
310 81 -1
311 34 -1
311 55 1
312 34 -1
312 39 1
313 34 -1
313 49 1
314 34 -1
314 42 1
315 34 -1
315 59 1
316 34 -1
316 96 1
317 34 -1
317 72 1
318 34 1
318 47 -1
319 34 -1
319 63 1
320 34 -1
320 54 1
321 34 1
321 77 -1
322 35 1
323 35 1
324 35 1
324 68 -1
325 35 -1
325 80 1
326 35 -1
326 88 1
327 35 -1
327 49 1
328 35 -1
328 78 1
329 35 1
329 43 -1
330 36 1
331 36 1
332 36 1
333 36 -1
333 93 1
334 36 1
334 52 -1
335 36 1
335 71 -1
336 37 -1
336 97 1
337 37 1
337 45 -1
338 37 -1
338 50 1
339 37 -1
339 87 1
340 37 -1
340 99 1
341 37 -1
341 82 1
342 37 1
342 90 -1
343 38 -1
343 86 1
344 38 -1
344 47 1
345 38 -1
345 42 1
346 38 -1
346 62 1
347 38 1
347 57 -1
348 38 -1
348 66 1
349 38 -1
349 95 1
350 38 1
350 54 -1
351 38 -1
351 81 1
352 38 -1
352 74 1
353 39 1
353 59 -1
354 39 -1
354 72 1
355 39 1
355 44 -1
356 39 1
356 63 -1
357 39 1
357 79 -1
358 40 1
359 40 1
360 40 -1
360 76 1
361 40 1
361 90 -1
362 40 -1
362 85 1
363 40 1
363 99 -1
364 40 -1
364 50 1
365 40 -1
365 69 1
366 40 -1
366 89 1
367 41 1
368 41 1
369 41 1
370 41 -1
370 60 1
371 41 1
371 64 -1
372 41 1
372 48 -1
373 41 -1
373 79 1
374 42 1
374 62 -1
375 42 1
375 77 -1
376 42 -1
376 73 1
377 42 -1
377 47 1
378 42 1
378 55 -1
379 42 -1
379 54 1
380 42 1
380 49 -1
381 43 1
382 43 1
383 43 1
384 43 -1
384 80 1
385 43 -1
385 98 1
386 44 1
386 84 -1
387 44 -1
387 63 1
388 44 -1
388 79 1
389 44 1
389 48 -1
390 44 -1
390 46 1
391 45 1
391 91 -1
392 45 1
392 57 -1
393 45 1
393 87 -1
394 45 1
394 67 -1
395 45 1
395 61 -1
396 45 1
396 53 -1
397 46 1
398 46 1
399 46 1
400 46 -1
400 79 1
401 47 1
402 47 -1
402 62 1
403 47 1
403 63 -1
404 47 -1
404 55 1
405 47 -1
405 95 1
406 47 1
406 66 -1
407 47 -1
407 54 1
408 47 -1
408 64 1
409 48 1
410 48 -1
410 92 1
411 48 -1
411 79 1
412 48 1
412 63 -1
413 48 -1
413 60 1
414 48 -1
414 64 1
415 49 -1
415 88 1
416 49 -1
416 96 1
417 49 -1
417 58 1
418 49 1
418 59 -1
419 49 1
419 77 -1
420 49 -1
420 73 1
421 49 -1
421 68 1
422 49 -1
422 54 1
423 50 1
424 50 1
424 69 -1
425 50 -1
425 90 1
426 50 -1
426 99 1
427 50 -1
427 74 1
428 50 -1
428 82 1
429 51 1
429 56 -1
430 51 1
430 65 -1
431 51 1
431 97 -1
432 51 1
432 52 -1
433 51 1
433 84 -1
434 51 -1
434 85 1
435 52 1
436 52 1
436 84 -1
437 52 -1
437 65 1
438 52 1
438 93 -1
439 52 -1
439 71 1
440 53 1
441 53 1
442 53 -1
442 91 1
443 53 1
443 61 -1
444 53 1
444 98 -1
445 53 -1
445 67 1
446 54 1
446 57 -1
447 54 1
447 95 -1
448 54 1
448 63 -1
449 54 -1
449 73 1
450 54 -1
450 67 1
451 55 1
452 55 1
452 62 -1
453 55 1
453 77 -1
454 55 1
454 96 -1
455 55 1
455 72 -1
456 56 1
457 56 1
457 76 -1
458 56 -1
458 85 1
459 56 -1
459 65 1
460 56 -1
460 90 1
461 56 -1
461 97 1
462 56 1
462 84 -1
463 57 1
463 74 -1
464 57 1
464 61 -1
465 57 1
465 67 -1
466 57 -1
466 95 1
467 58 1
468 58 1
468 59 -1
469 59 1
470 59 1
470 72 -1
471 59 1
471 96 -1
472 60 1
473 60 1
474 60 -1
474 92 1
475 60 -1
475 75 1
476 60 -1
476 64 1
477 61 1
478 61 -1
478 67 1
479 62 1
480 62 -1
480 77 1
481 63 -1
481 95 1
482 63 1
482 92 -1
483 63 -1
483 79 1
484 63 -1
484 64 1
485 64 1
486 64 1
487 64 -1
487 75 1
488 64 1
488 92 -1
489 64 -1
489 66 1
490 64 -1
490 95 1
491 64 -1
491 94 1
492 64 -1
492 79 1
493 65 1
494 65 1
494 85 -1
495 65 -1
495 84 1
496 66 1
497 66 1
498 66 -1
498 86 1
499 66 1
499 94 -1
500 66 1
500 95 -1
501 66 -1
501 81 1
502 67 1
503 67 -1
503 80 1
504 67 -1
504 91 1
505 67 -1
505 73 1
506 67 1
506 68 -1
507 67 -1
507 98 1
508 68 1
509 68 1
509 73 -1
510 68 1
510 80 -1
511 68 -1
511 88 1
512 69 1
513 69 1
513 75 -1
514 69 1
514 92 -1
515 69 1
515 90 -1
516 69 -1
516 94 1
517 69 1
517 74 -1
518 69 1
518 95 -1
519 70 1
520 70 1
521 70 1
522 70 1
522 78 -1
523 70 1
523 77 -1
524 70 -1
524 88 1
525 70 1
525 96 -1
526 71 1
527 71 1
528 71 -1
528 84 1
529 71 -1
529 93 1
530 72 1
531 72 1
532 72 1
532 96 -1
533 73 1
534 73 1
534 77 -1
535 73 -1
535 88 1
536 74 1
537 74 1
537 86 -1
538 74 -1
538 94 1
539 74 -1
539 95 1
540 75 1
541 75 -1
541 92 1
542 75 -1
542 94 1
543 75 -1
543 95 1
544 76 1
545 76 -1
545 85 1
546 76 -1
546 90 1
547 77 1
548 77 1
549 77 1
549 88 -1
550 77 -1
550 96 1
551 78 1
552 78 1
553 78 1
554 78 1
554 88 -1
555 78 -1
555 96 1
556 79 1
557 79 1
558 80 1
559 80 1
559 98 -1
560 81 1
561 81 1
562 81 1
563 81 1
563 86 -1
564 82 1
565 82 1
566 82 -1
566 99 1
567 83 1
568 83 -1
568 93 1
569 84 1
570 85 1
571 85 -1
571 90 1
572 85 -1
572 99 1
573 85 1
573 97 -1
574 85 -1
574 89 1
575 86 1
576 86 -1
576 94 1
577 86 -1
577 95 1
578 87 -1
578 91 1
579 87 1
579 97 -1
580 88 1
581 88 1
581 96 -1
582 89 1
583 89 1
584 89 1
585 89 1
585 99 -1
586 90 1
586 92 -1
587 90 1
587 97 -1
588 90 1
588 99 -1
589 91 1
590 91 1
590 98 -1
591 92 -1
591 95 1
592 93 1
593 93 1
594 94 1
595 94 -1
595 95 1
596 96 1
597 96 1
598 97 1
598 99 -1
599 98 1
600 98 1
601 99 1
602 99 1
