1 -0.0 -1.0 -0.0
2 -0.98845030391 -0.008968081301 0.15127977465
3 -0.317515870611 0.752552451529 -0.576930220743
4 0.270956704175 -0.814091089361 -0.51365179128
5 -0.141862017528 0.012082265265 0.989812702913
6 0.990444008048 -0.111088432256 0.081731433
7 0.295892062268 -0.061141194593 -0.95326263003
8 -0.568403330447 -0.538920169946 0.621677331388
9 -0.53064697342 -0.323423791709 -0.783460809841
10 -0.447269434629 -0.894131412422 -0.021887671573
11 0.821498665346 -0.071896382455 -0.565659661833
12 0.669032357981 0.006968954384 0.743200603908
13 -0.0 -0.0 -1.0
14 -0.190671138583 0.979065023979 -0.07124742615
15 0.341895522719 -0.119611539397 -0.932094700762
16 0.668031283895 0.076539939977 0.740186355809
17 0.325240763178 -0.630482197247 0.704777017873
18 -0.628752019739 -0.627173518892 0.459700201082
19 -0.946221458632 0.305086342495 -0.107644204898
20 0.085116597369 0.966239306187 0.243180525601
21 -0.93336818915 0.304308996477 0.190315154801
22 -0.88522699569 -0.35890469418 -0.295906381475
23 -1.0 -0.0 -0.0
24 0.0 1.0 0.0
25 -0.70527739495 -0.313924227919 -0.63563777051
26 0.20362613345 0.182447843344 -0.961898738036
27 0.125095483161 -0.029709342699 -0.991699790788
28 -0.642645394599 0.61146607578 0.461645031351
29 -0.976211435886 -0.183486326791 0.115516234033
30 -0.595987772193 0.567566175062 -0.568038037742
31 0.124876967807 0.749419620775 0.650212253736
32 -0.057788414326 -0.997966734623 0.026886720793
33 0.0 1.0 0.0
34 0.462599238107 -0.120761363642 -0.878304410756
35 0.485736013393 -0.036867839635 0.873327709221
36 -0.362085826829 -0.854913441301 -0.371506207072
37 -0.456401974711 0.228485623456 0.859936949638
38 -0.33401533259 -0.696543224418 0.635028577398
39 0.704350786652 0.010456173805 0.70977506139
40 -0.935802033362 -0.256722502515 0.24159493177
41 -0.554360363094 0.81622501593 -0.162669330852
42 0.0 1.0 0.0
43 0.0 0.0 1.0
44 0.469119599314 -0.192363751687 -0.861929804901
45 -0.299455401876 -0.906469528133 -0.297723792893
46 -0.960785211422 -0.214855026188 -0.175297162651
47 0.36012422511 -0.370309852948 0.856259981138
48 -0.984637448308 -0.067839145352 0.160894206696
49 -0.55000340563 0.788977606461 0.27388061322
50 0.320773127163 0.319020855857 0.891812925685
51 1.0 0.0 0.0
52 0.0 0.0 1.0
53 -0.244869851298 0.503149002015 -0.828782141275
54 0.931766618262 -0.321130518512 0.169369888623
55 0.026952610008 -0.897241420739 -0.440716904287
56 -0.720592975041 -0.085894083217 -0.688017420412
57 0.519118777647 -0.841116064733 0.151787550025
58 0.042305129434 -0.962479646481 0.268035829944
59 0.665659580929 0.722758127194 0.185790236268
60 0.057770680556 0.190104357461 0.980062692761
61 -1.0 -0.0 -0.0
62 -0.987150223652 0.039657432849 -0.154795749177
63 -0.236883866812 0.962095195757 -0.135125378615
64 -0.592073548759 -0.750425515373 -0.293786416869
65 -0.176900643053 0.16225585456 -0.970762174865
66 0.624614956629 -0.192960135984 -0.756718271139
67 -0.599115962454 -0.628152330726 0.496472268044
68 -0.163915921252 -0.852872905145 -0.495721069181
69 -0.661319520636 -0.130015763959 -0.738750561928
70 -0.500404114496 0.852956200151 0.148530949026
71 0.044621799499 0.766081109123 -0.64119312945
72 -0.175051888117 0.443168831708 0.879180426914
73 1.0 0.0 0.0
74 -0.0 -0.0 -1.0
75 -0.817320554686 -0.524081520817 0.239427797939
76 0.114727695431 -0.993290132667 0.014569428548
77 0.352098150489 0.872500672099 0.338776430127
78 0.209125374377 0.919398125288 -0.333127100381
79 0.688568552931 -0.093718888724 -0.719089784249
80 -0.067486731398 0.364564451426 -0.92872940184
81 0.014340705553 -0.616112554064 -0.787527564526
82 -0.913559160572 0.38492692745 -0.131304686353
83 1.0 0.0 0.0
84 0.310538503106 0.948373685181 0.064445258517
85 -0.325848581663 0.498924928061 0.803054554802
86 -0.318167502547 -0.614896382336 -0.721575969191
87 -0.911028200763 -0.333191306339 -0.242922149659
88 -0.845868383864 -0.304251522829 0.438106936757
89 -0.830498372397 0.50505799307 -0.234923130153
90 0.697178157078 0.051778618437 0.71502558833
91 0.097966079566 0.886525417942 -0.452189485278
92 0.077220779788 -0.997011033003 0.002439516336
93 0.226267875562 0.184665436096 -0.956400295483
94 -0.241543373038 0.852209466724 0.46410755625
95 0.696057456884 0.653284032706 -0.297865723654
96 0.864429605749 -0.210162735911 0.456719915418
97 0.278289368663 0.057094682955 -0.958798844632
98 -0.885960947512 0.232830167776 0.401077688804
99 -0.043341538753 0.269739665882 0.961957391815
100 -0.086568687608 0.821456588014 -0.563662076367
101 -0.186525736477 -0.487199671184 -0.853138107243
102 0.839592145818 -0.526519010087 0.133651639336
103 -0.559138400071 0.164428353652 -0.812605418442
104 -0.720706484924 -0.632398820194 -0.283996293649
105 -0.830762902843 -0.244881028869 0.499866263075
106 -0.187601415549 0.599030336215 -0.778439699128
107 -0.716862861277 0.508853412991 0.476629669878
108 0.679475542989 0.538282893902 0.498562446051
109 -0.076099904249 0.946777527084 0.31276367881
110 -0.304845473599 -0.891930236947 0.333960610919
111 0.0 1.0 0.0
112 0.0 0.0 1.0
113 -0.42149515052 0.210095838561 -0.882157342376
114 0.691433320199 -0.711601786549 -0.124671011459
115 -0.558854690751 0.147458325452 0.816049923032
116 -0.114048413718 -0.992157181937 -0.051157459476
117 -0.828182081577 -0.50845278863 -0.235775744065
118 -0.066699490459 0.699406204491 0.711605325368
119 -0.514101204106 -0.54579791579 0.661668033879
120 -0.893635187114 0.392557453531 0.217519649756
121 1.0 0.0 0.0
122 -0.156935004659 0.522197908372 -0.838260549474
123 0.985552083369 0.094400449376 0.140625908443
124 0.031311364494 0.937157411117 0.347499043512
125 -0.10533840238 0.259432843735 0.959999177383
126 0.534893982704 0.755197874322 -0.378899192247
127 -0.710671096333 0.698732761773 -0.08197024132
128 -0.156021285233 0.771320313869 0.617027010728
129 -0.765379904676 0.176151537319 0.619002615033
130 0.567119635343 0.163637995832 0.807216157871
131 0.095819356366 -0.58618769145 0.804489056071
132 -1.0 -0.0 -0.0
133 -0.0 -1.0 -0.0
134 0.027711647236 0.028896227856 -0.999198214882
135 0.085049082996 -0.89911872335 0.429362521424
136 0.046992735606 -0.123880795818 -0.991183752504
137 0.731805187831 0.539173579215 -0.416836920798
138 0.012347933997 -0.922283946078 -0.386315740468
139 -0.642858463124 -0.580693272103 -0.499528097433
140 0.0 0.0 1.0
141 -0.940974041074 -0.246906161536 0.23152797114
142 -0.178347904478 0.781279796167 -0.598158762428
143 -0.43635202291 -0.899699364484 0.011745877999
144 0.999088202352 0.042510111541 -0.003956556222
145 -0.552742732106 -0.27195366197 -0.787728809836
146 0.422078752234 -0.567171174977 -0.707224423495
147 -0.440920727988 -0.889601138393 -0.119158408011
148 -0.317946800503 -0.142433570104 0.937348659868
149 0.093133736914 -0.053925460083 -0.994192210693
150 0.009969600564 0.965280448095 0.261025407941
151 0.915421316112 -0.227979704749 0.331706298148
152 0.131591075594 -0.008466974131 0.99126792502
153 -0.87965049529 0.2397346123 0.410782572418
154 0.21310371005 -0.970199695239 -0.115322851682
155 0.233825391951 -0.70662783131 0.667834406195
156 -0.800957762848 0.46879655405 -0.37241972698
157 -0.778437608318 -0.495468661775 -0.385416262183
158 0.422485219884 0.60458968808 0.675261096204
159 0.685161541648 -0.429429486775 -0.588340018811
160 -0.146217012147 0.7447222944 -0.651159956987
161 0.0 0.0 1.0
162 -0.021065503348 -0.049539022144 -0.998550013697
163 0.790365539157 -0.504225632691 0.347963828364
164 0.919938928754 -0.020735141874 -0.391512989892
165 -0.259068133617 -0.886222820222 0.384047933287
166 -0.115376592763 0.818433362864 0.56289881186
167 0.75664995574 0.547990705733 0.356632907776
168 1.0 0.0 0.0
169 0.0 1.0 0.0
170 -0.030930529357 -0.076989762051 -0.996551995078
171 -0.708801248686 -0.669241859238 -0.222971127514
172 0.082817247805 -0.105994608224 0.990911926709
173 0.195245733961 0.689071483897 -0.697896549246
174 -0.790432833026 -0.264845748184 0.552333835777
175 0.990652183273 -0.106141119953 0.085687306127
176 0.0 0.0 1.0
177 -0.71461613183 0.506634481302 0.482333169587
178 0.423433743213 0.409229961072 0.808229363528
179 -0.241125883271 -0.34680133922 0.906414441374
180 -0.90321426273 -0.422504544942 0.075457969123
181 0.17933281644 0.978288735658 0.103879211744
182 -0.824183123295 0.524434548523 -0.21375355808
183 -0.897740744831 -0.434252410287 0.074070231747
184 -1.0 -0.0 -0.0
185 -0.0 -1.0 -0.0
186 0.0 0.0 1.0
187 0.564648801275 -0.086473531737 -0.820788681408
188 0.989246957445 -0.136802465964 0.051725646365
189 -0.101414416147 -0.055355571793 -0.993303013621
190 -0.612985448946 -0.786311564693 -0.077220221517
191 0.675161747875 0.602500806759 -0.425616484715
192 0.106712323144 -0.973506499619 -0.20223148936
193 -0.0 -0.0 -1.0
194 -0.996785057622 0.056686510131 -0.056623214953
195 -0.014960962619 -0.077825623729 -0.996854724566
196 -0.539228980933 0.764242331692 -0.35378773943
197 -0.708943252002 0.686026106602 0.163608210372
198 0.557451623923 0.772923434647 0.303046285505
199 0.729016918333 0.652318300695 -0.207400982068
200 0.046415855248 -0.23204671184 -0.971596568492
201 0.706965384017 0.571728380269 -0.416325119343
202 0.874508485122 -0.320297673955 0.364203664875
203 -0.577129761921 -0.744348054462 -0.335957157572
204 -0.080566040075 0.52463177104 -0.847508476655
205 -0.387370250028 0.830728358876 0.399793300535
206 -0.84362566326 -0.289341696239 0.452302026423
207 0.852928961705 -0.235582923688 -0.465846404249
208 -0.002740213962 0.296422558947 0.955052960717
209 -0.07185050333 0.993712850404 0.08586195964
210 0.702301510758 -0.5384737003 -0.465637908757
211 0.709414545368 0.543561841482 0.448632953877
212 0.0 1.0 0.0
213 0.680935011848 0.517541376258 0.518149045643
214 -0.426968238444 0.462516778374 -0.777030471142
215 -0.520726610587 0.84436887762 0.126035691506
216 0.558261812798 0.26265496908 -0.786991814182
217 0.049186249791 -0.362075456298 -0.930850190298
218 0.141104265602 -0.058270689472 -0.988278358044
219 -0.78192398314 0.01557643542 0.623179155019
220 -1.0 -0.0 -0.0
221 -0.0 -1.0 -0.0
222 -0.891334869783 0.027870129141 -0.452488017312
223 -0.725506293423 -0.658243752091 0.200887483525
224 -0.0077692486 -0.940792650321 0.338893534725
225 1.0 0.0 0.0
226 -0.03529340867 0.856264740443 -0.515330058874
227 0.808375271597 -0.559579263144 0.182757950663
228 0.275996717508 0.939497795351 0.202903189862
229 -0.554724424007 0.488454964487 0.67356704275
230 -0.236298989062 0.008724372179 -0.971641226533
231 -0.547514379051 -0.776166305855 -0.312720115098
232 0.826951115446 0.390932792821 -0.40413290408
233 0.474140810409 -0.037877754415 0.879633882718
234 0.430355731105 -0.25361065395 -0.866299937036
235 0.513974695555 -0.857724771756 -0.011757050874
236 -0.651467173608 -0.589915924118 0.477063647937
237 -0.15269319028 0.565705593175 -0.810346821733
238 0.335381786739 -0.43862159695 -0.833744656243
239 0.986969468258 -0.135162488753 -0.087306187415
240 -0.945125873503 0.326555451174 -0.009930787644
241 -0.357970795094 -0.907264456406 -0.220744458598
242 -0.240438292552 0.970592031192 -0.011854807527
243 -0.172728233567 -0.823873874549 0.53981181551
244 0.0 0.0 1.0
245 0.26580338044 0.89268507397 0.36395318608
246 0.660892405049 0.098119581529 0.744038827394
247 -0.56728858302 0.82348591175 -0.007390312905
248 -0.082725140793 0.579041340285 -0.811090424873
249 0.64179669463 0.619459137954 -0.452070104262
250 0.0 0.0 1.0
251 0.197115922374 -0.249324104818 -0.948147037069
252 0.209419881194 -0.711750225042 0.670488575975
253 0.948038172727 -0.251354636279 -0.195049916365
254 -0.782345420282 -0.543248437999 0.304658461193
255 0.916700812778 -0.355713456589 -0.182009770763
256 -0.28694983825 0.957391342403 0.032582323738
257 0.123544786016 -0.551197266444 -0.825177713777
258 -0.047261236205 -0.32570127896 -0.944290766891
259 0.780941343327 0.257863738492 -0.568890947945
260 0.715463173721 0.698646242158 -0.002423915845
261 -0.067775638201 -0.593356364031 0.802081472252
262 0.798329443051 -0.451125847729 -0.398943065949
263 -0.277825803808 0.919822482958 0.277018812689
264 -0.632812377856 -0.678800519528 -0.372529662068
265 0.051954653406 0.843015269974 -0.535374605841
266 -0.685927580691 0.679394682499 -0.260626590046
267 1.0 0.0 0.0
268 -0.993760928148 0.096988483348 0.055067701833
269 0.284126399529 -0.82547301013 -0.487715591956
270 0.514625917256 -0.123122710193 0.848528705185
271 -0.033519741725 0.798922051837 0.600499776855
272 0.606416863416 0.715287611393 0.347307098622
273 0.355335600562 -0.87143661335 0.338134351829
274 0.152013046628 0.643247612407 -0.750416246351
275 0.26276306963 -0.124484784342 -0.956796272832
276 0.123293437911 0.991463179736 0.042420412492
277 -0.730356424165 -0.522337008961 0.440163086538
278 -0.792318532727 0.277535840767 -0.543327893437
279 -0.360580576155 0.747860396468 -0.557392568567
280 -0.757981257922 -0.452909471893 0.469401132198
281 0.098568440259 -0.963936573249 -0.247205471901
282 -0.036585251174 -0.766353670147 0.641376310483
283 -0.739792204544 0.653434457447 0.16040855313
284 0.40415139059 0.724116603979 0.558853108899
285 -0.091595076161 -0.040970305397 -0.994953152716
286 0.718194600438 -0.42016201438 -0.554671432087
287 -0.616533165394 -0.086150688422 -0.782601376726
288 0.011510543262 0.76915684191 -0.638956383438
289 0.722114787922 0.513086716459 0.463995963838
290 0.089553768812 -0.987316256784 -0.131098175354
291 -0.1731773684 -0.422693943555 0.88957261039
292 0.255523661414 0.496995322097 0.829278788027
293 -0.77710389436 0.307828111513 0.548954817023
294 0.869482220417 -0.427063165354 0.248229170681
295 -0.088738162239 -0.996025921815 -0.007609312368
296 -0.193513592603 0.971921462225 0.133869939661
297 0.791597461261 0.580473309103 -0.19085124245
298 -0.83079224478 0.334297210571 -0.445005192125
299 0.0 0.0 1.0
300 0.919211700248 0.018226675273 0.393341630693
301 0.629361244664 0.747652426144 0.211944033642
302 0.728473086284 0.173501365146 -0.662739948133
303 -0.031659943072 0.997611868956 0.061385722475
304 -0.0 -1.0 -0.0
305 -0.0 -0.0 -1.0
306 -0.339210648131 -0.864807329625 0.370195109128
307 0.590677288659 0.732817358159 0.337755918146
308 -0.452537655467 0.723471168336 0.521343590132
309 0.961384958175 0.268816267782 -0.05896419566
310 -0.615874048382 -0.017766710005 -0.787644272844
311 -0.996794700388 0.001757714777 -0.079982721372
312 0.198943414561 0.422262653481 0.884373093936
313 -0.424314718147 -0.905069020208 -0.028409305238
314 -0.453794619311 0.65562727777 -0.603509168222
315 0.576825762267 0.809844579139 -0.10688216701
316 -0.970104862364 -0.13939087868 -0.198662374292
317 -0.788979943062 0.564415390047 0.242787802258
318 -0.761804953598 -0.28173803658 0.583332573596
319 -0.97484673394 -0.026089817632 -0.221344000918
320 0.647814723877 -0.734941522502 -0.200491999918
321 0.56575700813 0.182829879926 -0.804047413253
322 0.003160727142 -0.970673403745 -0.240381266046
323 1.0 0.0 0.0
324 -0.0 -1.0 -0.0
325 -0.944092958039 -0.316693525965 -0.091617122818
326 0.595514796152 -0.072752419818 -0.80004325694
327 0.362081412196 0.025774643439 0.931790061493
328 0.573147200667 -0.589208144648 0.569505090976
329 -0.137822313615 0.080330780591 0.987193990844
330 0.111594896266 0.054933606467 0.992234285846
331 1.0 0.0 0.0
332 0.0 1.0 0.0
333 0.0 0.0 1.0
334 -0.236402750525 0.908819037023 0.343746559967
335 -0.665271766907 -0.275485443929 -0.693917319527
336 0.183407433729 0.138893402528 -0.973175388092
337 -0.654903473356 -0.746685687987 0.116455673719
338 0.37571446743 -0.910359873229 -0.173446072826
339 0.868227823923 -0.210965570335 0.449081255341
340 -0.957000138638 0.078533720231 -0.279254703512
341 0.434697771278 -0.795809348905 -0.421574818794
342 0.712264606831 0.195339991203 -0.674182036021
343 -0.116040700823 0.78933540924 -0.602896481557
344 0.954540098782 -0.2941622728 -0.048184614542
345 -0.514166234183 -0.665535405648 0.541013592671
346 -0.976404607603 0.053029129797 0.20933693808
347 -0.659159877737 0.099325574919 0.745414438919
348 0.013412638577 0.133371480888 0.990975352475
349 0.601004087485 -0.512159510684 0.613585138707
350 0.098067016892 -0.949130329236 -0.299223124645
351 0.766266419216 0.417416418266 0.48846628189
352 0.618007799501 0.597214527965 0.51127406285
353 0.613639254229 -0.383901606379 -0.689975667896
354 0.682561956691 -0.704230989886 0.195366036357
355 -0.502041498741 0.497811061899 0.707204694691
356 -0.045697444682 0.697084759464 0.715530978835
357 -0.982725070835 0.041148363695 0.180439040445
358 -0.425740053962 0.841264446251 -0.333195945245
359 -1.0 -0.0 -0.0
360 0.0 1.0 0.0
361 -0.836429150267 -0.277474875586 0.472645712984
362 0.709287859162 -0.589998074425 -0.385762887044
363 -0.943689516147 -0.08675320628 -0.319255349705
364 0.322808509984 -0.604367976738 0.728377659306
365 5.0283512e-05 0.998649387631 0.051955731696
366 -0.039306961895 0.770605488425 0.636099162046
367 -0.084042596762 -0.294526640539 -0.951940596856
368 -1.0 -0.0 -0.0
369 0.0 1.0 0.0
370 -0.0 -0.0 -1.0
371 0.241119017513 0.24288417671 -0.93961103447
372 0.006893220534 -0.97639102083 0.215900574232
373 0.613459358747 -0.336616933892 0.714392507647
374 -0.950139282461 0.2714022798 -0.153545258616
375 -0.458499972818 -0.078524997538 -0.885218390957
376 0.713041634023 -0.492171300702 -0.499338601467
377 -0.205108873029 0.706082442188 -0.677774250793
378 0.518227924603 -0.778170288784 0.354810963493
379 0.40462555444 0.456781076098 -0.792230527822
380 0.095409011608 -0.566435156991 -0.818564800995
381 0.893658420423 0.144763201195 0.424756687042
382 1.0 0.0 0.0
383 -0.0 -1.0 -0.0
384 0.0 0.0 1.0
385 0.714875266311 0.012292597288 0.699143937733
386 0.972079383314 0.010083220721 -0.234435494742
387 -0.130854608872 0.436309843533 0.890230751981
388 0.781383556266 0.489210438889 0.387444040448
389 0.39850185437 -0.356995104987 0.844837716416
390 -0.907966470112 0.326369558188 -0.26283036476
391 -0.496401180327 -0.615388315987 0.612276970592
392 0.806034330666 -0.049640274574 0.589783435616
393 -0.256129068048 -0.168766608799 -0.95179605602
394 0.590528479806 0.694294770154 0.411376818349
395 0.680596277298 -0.58003569771 -0.447601716608
396 -0.309729650611 -0.902902171511 -0.298052364886
397 0.173163808254 -0.824227202949 0.539132463714
398 1.0 0.0 0.0
399 0.0 1.0 0.0
400 -0.0 -0.0 -1.0
401 0.931720898417 0.33699206735 0.13539761444
402 -0.0 -0.0 -1.0
403 -0.219322794145 0.929411832226 0.29680154664
404 0.345408994332 0.821484662642 0.45371309842
405 -0.860298697917 0.284268744249 0.423175414462
406 0.547036066004 -0.337462915995 -0.766074619616
407 -0.989844294958 -0.084381715816 -0.114402787446
408 -0.324451780024 0.146124902512 -0.93454724616
409 0.567147209158 -0.812577904019 0.134391938167
410 0.0 1.0 0.0
411 0.719615845281 0.514591011609 -0.466207170678
412 -0.699433563056 -0.0172740932 0.714488835864
413 0.258241966016 -0.960151451936 -0.106865692968
414 0.983788971972 -0.171466173856 -0.052522469951
415 0.642167936517 0.522589038175 0.560821752866
416 -0.323498577737 0.848136621221 0.41953896356
417 -0.434643028421 -0.030390003103 0.900089931927
418 -0.639027828704 -0.661347580504 -0.392763048036
419 0.52881730649 0.76059369944 -0.376629102341
420 -0.385621570829 -0.49435355448 -0.779044650379
421 0.676531979234 0.719454781599 -0.15712828615
422 0.112889609289 0.846276737137 -0.52064538824
423 0.89388206426 -0.338974201053 -0.293379185041
424 -1.0 -0.0 -0.0
425 0.064002691328 0.29270647221 -0.954057952448
426 -0.643608073233 -0.710229377364 0.285206731336
427 -0.31160022668 -0.566629634384 -0.762781853593
428 -0.04852432392 0.681627739741 0.730088360682
429 -0.019562227911 0.334153078343 -0.942315785431
430 -0.6210682727 0.470835816401 -0.62656830006
431 -0.016846632077 0.988065384678 0.153111026998
432 -0.638811343818 -0.763727729426 0.092951720346
433 0.943422794493 0.216751640725 0.250942537393
434 0.698811501824 0.215930628568 -0.68193580971
435 0.935684867438 -0.328615538834 -0.128474341734
436 0.0 1.0 0.0
437 -0.196927428599 0.013971088936 -0.980318517901
438 0.81653520754 -0.569092621801 0.096973412128
439 0.796991160882 -0.493296907896 0.348515781762
440 -0.791926706637 -0.397631906452 0.463401508723
441 -0.0 -1.0 -0.0
442 0.0 0.0 1.0
443 -0.458932856141 -0.879707499186 0.124480317443
444 -0.482105091478 0.05829485176 -0.874171831523
445 0.990386245848 0.137521554808 -0.014930036748
446 -0.384668031565 -0.310686152741 0.869197687518
447 -0.820881911173 -0.319256938547 0.473527079583
448 -0.856202977741 0.473505840571 -0.206660784505
449 -0.044929358118 0.819086595556 -0.571907773823
450 -0.226548709674 0.96490166559 0.132817385486
451 -0.062101392089 0.628020502562 -0.775714938275
452 -0.0 -0.0 -1.0
453 -0.796888928976 -0.566831768884 0.208973157746
454 0.16744651938 -0.892131403975 0.4195988813
455 0.889442951249 -0.240998212003 0.388344046284
456 0.838096148964 0.54309388115 0.051418686777
457 0.0 1.0 0.0
458 -0.981473772148 0.157408300288 -0.109233060868
459 0.612881949927 0.035124515848 -0.789393427791
460 -0.53524410011 -0.480677999291 -0.694595144164
461 0.732211689145 0.678410145683 0.060213922925
462 0.040520602629 0.870021731299 -0.491345365125
463 0.980860204538 -0.137345909545 -0.138019419958
464 -0.899823274454 0.393976512226 -0.187351494698
465 -0.074517748169 -0.782481254281 0.618199152301
466 0.833170390422 -0.38287706049 0.399039167345
467 0.104012991475 -0.763028691266 0.637940838879
468 1.0 0.0 0.0
469 -0.121184135157 0.150228210862 -0.981196152687
470 1.0 0.0 0.0
471 -0.166383923308 0.193455230907 -0.966897855877
472 -0.147613927538 -0.8415417743 -0.519632149222
473 -1.0 -0.0 -0.0
474 0.0 1.0 0.0
475 -0.446319036335 0.777164761786 -0.443637521907
476 0.309251060151 0.932698634087 -0.185572195569
477 -0.227796167076 0.722604298887 0.652649931813
478 -0.0 -1.0 -0.0
479 -0.940919294868 -0.307532368479 0.141755856606
480 -0.0 -0.0 -1.0
481 -0.911505228724 0.34875659164 -0.218007013183
482 0.848493234779 0.364195873963 -0.383953898173
483 -0.78444014436 0.419920264718 0.456421549882
484 -0.337137672196 -0.812830127551 0.475021445549
485 0.843356183528 -0.268946203394 0.465207789472
486 -1.0 -0.0 -0.0
487 -0.0 -0.0 -1.0
488 0.508001763369 0.011895845058 -0.861273880531
489 0.105001260732 0.143348741461 0.984086314083
490 0.280261131618 0.958987712799 -0.042382364307
491 -0.140360129569 0.583199235867 -0.800111045613
492 0.605110807753 0.539580529288 -0.585400514822
493 -0.911961576544 -0.410275338467 0.000479117333
494 0.0 1.0 0.0
495 -0.904078996851 -0.427253372542 0.009783818538
496 -0.574579814988 0.493377716534 0.653021029551
497 -1.0 -0.0 -0.0
498 -0.0 -0.0 -1.0
499 0.267369398073 0.363799566172 -0.892279934005
500 -0.463384157729 0.488674609237 0.739237613121
501 0.444373733282 0.388061062823 0.807428384867
502 0.065098535219 0.996836841072 -0.045590492357
503 -0.0 -1.0 -0.0
504 -0.969409110926 0.216148416298 -0.116300635363
505 -0.003841071343 -0.493206959181 -0.869903524298
506 -0.165261170637 0.331450276017 0.928886139421
507 0.668326930684 -0.471691726816 -0.575192166651
508 -0.519659961256 0.179102560599 -0.835389608179
509 -0.0 -1.0 -0.0
510 -0.803316587045 0.227925403133 -0.550211297217
511 0.265736546456 0.364475020894 0.892492043114
512 -0.381106956867 -0.227416231562 0.896124625847
513 -1.0 -0.0 -0.0
514 -0.088798148473 0.378715636344 -0.921243374802
515 0.705356087978 0.511974753285 -0.490259769052
516 0.658106368108 0.527337098578 0.537411939501
517 0.320411758486 0.451193203921 0.832923164379
518 0.001114708491 -0.999708133797 -0.024133061264
519 0.672890178858 -0.459621728595 -0.579626322556
520 1.0 0.0 0.0
521 -0.0 -1.0 -0.0
522 -0.0 -0.0 -1.0
523 0.584999811457 -0.003733126176 0.811024835849
524 -0.780894654508 0.301127056156 0.547289717254
525 0.047801843255 -0.072975606128 -0.996187504786
526 0.055212746971 0.834357078585 0.548452202099
527 1.0 0.0 0.0
528 0.0 1.0 0.0
529 0.878768336011 0.355464876284 0.318450833493
530 0.012170236484 0.738028981363 -0.674659253262
531 1.0 0.0 0.0
532 -0.0 -0.0 -1.0
533 0.013518815469 -0.924150924743 0.381788305118
534 -0.0 -1.0 -0.0
535 0.317233966919 0.255920227532 -0.913163428622
536 -0.88554044178 -0.058272685577 0.460893067953
537 -1.0 -0.0 -0.0
538 -0.073660258147 -0.262771596675 -0.962042231064
539 0.312510416884 -0.533266490533 0.786106919835
540 -0.662949027588 -0.509291847413 0.548744385829
541 -1.0 -0.0 -0.0
542 -0.92267198797 -0.247140420217 -0.295969618896
543 0.325805589568 0.921029915816 0.213435264142
544 -0.709869689716 0.701146087139 -0.066926736897
545 0.0 1.0 0.0
546 -0.314652170586 0.18970557947 -0.930056882488
547 0.012777989773 0.999596772197 -0.025357759962
548 -0.0 -1.0 -0.0
549 -0.0 -0.0 -1.0
550 0.805121968887 -0.247974497767 0.538783132321
551 -0.820450713246 -0.570722011292 -0.03371962279
552 1.0 0.0 0.0
553 -0.0 -1.0 -0.0
554 -0.0 -0.0 -1.0
555 -0.923919278868 0.118390958184 0.363808668335
556 0.489555315738 -0.848551869175 0.200736937685
557 0.0 1.0 0.0
558 -0.0 -0.0 -1.0
559 -0.0 -1.0 -0.0
560 -0.362239101543 0.000969744262 0.932084702647
561 -1.0 -0.0 -0.0
562 -0.0 -1.0 -0.0
563 -0.0 -0.0 -1.0
564 -0.109994590129 0.826803453217 0.551631434829
565 -1.0 -0.0 -0.0
566 0.0 0.0 1.0
567 -0.28714639109 -0.92122354191 0.262476924538
568 1.0 0.0 0.0
569 -0.225234626436 -0.778937169749 -0.585257420831
570 0.0 1.0 0.0
571 0.0 1.0 0.0
572 0.254377948316 0.666778533346 0.70049857022
573 0.536843606556 0.706911207727 -0.460516543124
574 0.407703498182 -0.911637948217 -0.051904806533
575 0.594746798812 -0.2455401005 -0.765497422823
576 -1.0 -0.0 -0.0
577 0.311671180852 -0.948878725029 -0.049902306703
578 -0.680711117263 -0.687484171665 -0.252978039649
579 -0.161360287942 0.976116015049 -0.145466087596
580 -0.430497487955 0.799345782656 -0.419187586426
581 -0.0 -1.0 -0.0
582 0.115901710217 0.865865322208 -0.486666248436
583 -1.0 -0.0 -0.0
584 0.0 1.0 0.0
585 0.0 0.0 1.0
586 0.190920153857 -0.875699566938 -0.4435084704
587 0.029415970761 -0.027503745384 -0.999188793299
588 0.695599623545 -0.331696609264 0.637274291908
589 -0.26459397463 -0.083394185255 0.960747333306
590 0.0 0.0 1.0
591 0.646899900463 -0.754324848422 0.11186841303
592 -0.058293998879 0.98509676849 0.161821402805
593 1.0 0.0 0.0
594 0.0 0.0 1.0
595 -1.0 -0.0 -0.0
596 -0.972954021499 0.019070294007 -0.230210329777
597 1.0 0.0 0.0
598 -0.0 -0.0 -1.0
599 -0.863016124073 0.192457050628 0.467079707602
600 -0.0 -1.0 -0.0
601 0.0 0.0 1.0
602 -1.0 -0.0 -0.0
603 0.0 0.0 1.0
